10012 5 2233
1601 90100 13009 802
50000000
301 7654321
210 12345678901 12345678909 12345678910
13631
23701
31570
12049
14686
27011
27875
25739
172
18859
25208
6374
7822
20586
31048
28301
32151
2205
28943
17754
24837
16400
22964
16811
8079
26426
17449
18873
31582
6439
31380
27941
15193
24501
940
27348
27045
2051
30053
18685
23404
6951
23247
13184
26078
20255
12603
5242
25718
1034
16545
6934
29823
8601
21310
9382
2518
26816
4225
15346
16625
3505
32552
8911
4640
11786
29351
6644
18963
30541
26569
23306
27549
4498
5273
30978
24247
8824
12163
6827
4296
31841
12727
17284
27172
19935
6350
7887
15570
25961
27568
230
4242
23891
1717
4818
28702
17405
29450
23578
7089
5194
19799
7897
17606
4691
32670
14867
14114
24669
21095
1609
4884
24585
6426
24651
31996
13259
32172
22094
26122
29853
12157
11070
21064
28661
31105
9302
16347
500
927
21741
4998
24544
17238
23699
11887
26324
24486
19292
4390
17078
3118
8316
12259
362
8082
5908
23567
26181
26911
13644
26374
4549
2482
20898
25116
20863
21461
642
8158
11352
30508
11286
23194
32504
31504
8287
9249
15484
19577
1413
715
10091
25377
30315
24508
5868
16870
4487
10854
7222
22128
27121
21839
7239
31765
3769
4116
12761
9721
7294
25263
27538
29818
3388
3573
14971
14795
14950
21858
9395
12766
17717
5657
4197
29064
22847
20263
15095
20704
32075
32520
12420
21736
26212
31340
22413
23663
300
8251
25835
5173
9587
3798
19464
30289
10248
16032
32591
22736
16079
9661
5345
20383
27412
18713
9098
26027
24095
24236
27635
28998
3081
25853
8729
1997
24782
21477
27389
21639
19362
19094
25246
22225
5257
24283
15908
19320
12322
29090
24158
17767
1475
11447
26222
14722
23499
3538
10947
465
24116
8916
3144
7137
29544
23374
5083
9831
21334
4931
25089
25127
5316
15151
18136
14868
9447
16711
5709
5817
23857
8195
3214
215
11114
13786
22211
22352
2
19020
5113
7235
30374
25638
25182
7545
27921
21762
19636
31744
31781
7693
11264
22293
1850
4621
20866
7752
21942
22690
3306
20186
27357
14027
25289
8298
4075
16557
1862
25808
17504
22672
28946
8010
2204
7979
6302
5846
13995
14625
14219
26590
23906
3531
7266
22810
20907
25400
26245
30643
27165
31602
15973
16036
6352
5891
24054
19814
22383
184
32096
29132
6542
1701
30712
2348
14654
1129
15726
31935
4575
25268
25415
23882
15670
12294
27278
25086
9920
14009
3527
20125
26949
13377
11045
1247
10927
5555
7933
17684
27165
23940
8825
25098
29748
5779
657
27697
29109
30826
17207
6141
17493
8385
722
25484
9673
1604
12782
16265
15648
2199
29490
16208
7765
16790
14226
5203
26661
31713
27334
22716
29726
29336
17402
27988
19705
15971
3783
28323
24361
5046
98
1369
6068
13907
27923
5612
25922
17936
29161
4995
20339
18650
26285
31251
6262
5626
11284
13255
7384
1687
10808
28070
26009
3964
4937
8048
8325
10268
16000
19144
29377
8915
12117
13720
22949
23151
7410
9138
3529
22767
3559
21427
7267
23435
23583
17197
10960
22516
13587
32261
6256
26332
27197
32025
29367
14265
9680
22566
28545
29126
22438
20202
24998
9803
28282
28037
23503
14367
12631
20517
30088
23659
19792
18914
26262
6320
27506
29415
27786
25100
25335
25043
11926
16825
23484
5215
5024
8918
29942
19264
16021
11626
17440
23887
9472
21158
16440
17895
29659
28266
27946
29326
13988
8715
23437
5080
29876
19540
20621
30089
14541
17098
10792
8698
14066
12340
21406
21694
1147
15451
24098
132
5736
24847
4566
27711
31222
4202
2806
11141
31600
4185
14163
30261
12104
12119
18436
9053
4454
13948
27480
19291
11968
15543
25359
21826
3371
16216
19145
29567
17776
9169
8894
21436
931
1725
29360
1540
25008
31777
6430
24360
20535
9458
6843
23138
410
15832
1566
15929
2900
2866
16315
2212
12684
18010
18962
26226
4329
28714
24102
14825
6825
11455
26673
29870
5869
3196
15510
18661
8535
26194
6423
30104
21463
10047
17992
12893
5058
15125
27971
32307
13605
29309
30110
21934
26712
2619
32666
5204
9686
14260
20125
1350
3147
24237
14307
26403
25839
21589
26992
26409
16915
21382
7497
22429
27641
1608
3299
9581
4073
18583
14556
20757
25985
2150
22761
28351
15949
26339
2064
29102
13208
32509
279
18140
26241
29987
32572
738
1617
13391
5926
10009
4363
31812
7196
16895
581
9492
25973
28380
25655
15332
2127
30885
30482
23795
22916
9248
25235
28377
19418
25929
9687
8973
32378
1013
14705
24490
4004
29621
6074
30323
1952
25341
8040
19732
28664
17797
1122
23211
27364
24048
17107
7814
24326
2732
18557
29742
2903
23065
18513
26789
5986
10733
27708
29933
29616
21975
22851
16841
7811
14690
14802
22728
8391
2333
16977
26238
22341
18169
25593
29205
23578
22002
8678
11781
9319
28913
15469
17951
9803
2289
9903
20176
6926
20065
31342
14756
12703
27082
24096
29449
17729
10162
4418
3414
27777
7104
4847
7435
29803
32545
5809
10842
7165
20009
15255
23527
9180
26942
14728
16077
1606
15602
30934
20449
27464
13679
18454
10810
11569
280
9264
32497
326
26221
18098
14885
6327
12591
28266
31042
19922
31429
5683
13955
12663
20959
3599
19894
3276
1369
10870
15936
11057
5730
32238
20064
119
5597
20700
29624
32588
28935
19354
9481
13306
29019
1737
31038
30546
29619
30185
14252
19938
6831
24615
15768
18287
90
23413
23801
29343
11019
32224
6272
14581
18826
14622
24790
14082
31348
5223
14117
25818
8929
14471
22745
8902
6211
560
22696
32312
8594
3732
18639
17156
5030
30259
23199
11468
3300
10738
5945
19644
5148
9838
5526
30584
7858
29071
20938
20307
16892
5728
2441
16066
5100
4894
16874
30480
32495
28047
23147
18259
3348
24980
20789
24478
28273
24066
7330
21624
16067
17326
15869
30349
20052
6855
29065
21156
29218
12905
8132
28113
7997
24174
29676
4588
21873
18312
15299
15937
7461
397
29840
4233
7299
23569
10598
14874
2009
8506
1704
21850
28991
14032
18125
12153
15227
21908
23649
23136
13345
19155
32076
6884
6399
30778
29527
1856
3255
1516
21996
27074
16046
31442
4381
15300
18981
12082
24041
19678
4262
19844
4026
27226
5026
21889
23345
6888
4440
21884
31270
17043
26872
19957
20715
17140
2569
29548
30929
27558
29448
17011
21486
20218
850
6663
3613
20203
9284
20512
12101
30292
3488
29831
8927
29280
10546
13800
22706
16450
22964
7464
25313
25383
10480
4856
13608
13929
8484
25515
26979
12294
21930
13636
11600
10064
24280
9172
15765
29670
19750
30723
4613
30946
22414
11244
7967
28756
18745
12846
20695
2800
29271
13119
8858
14339
8271
13572
30860
10668
24856
24735
7700
26952
5606
23177
3482
4142
6410
24800
25999
30877
31507
9218
11950
31474
6970
3418
22402
2846
7933
26746
2345
19032
3337
8810
14679
24847
3933
4928
7582
13603
8365
1521
25580
20564
10500
29287
21589
2811
19886
7636
16402
20216
30805
5445
25034
1771
22890
13946
4881
3495
27079
15093
31535
12771
12178
31057
6946
8755
19044
20693
23270
21815
2730
29513
31731
16914
6220
264
5384
32030
27789
11095
31527
3295
9011
20725
15328
2869
26343
18676
3283
26325
31966
20422
21617
22777
13241
19099
12290
25431
14762
21739
6892
27216
7641
19534
6962
16235
262
20116
5947
12289
14703
24082
14549
27706
28148
8250
377
23096
27769
27247
29649
10641
16268
4375
30327
15107
18247
11505
21504
12387
22904
19112
31801
14551
11520
14505
27312
27973
5241
26418
22134
20747
19484
3756
3876
19185
24289
4155
11036
10843
26343
17555
27409
3268
11543
11533
30410
14183
27653
15098
22306
14655
14870
8503
20820
26930
24296
25602
1909
5258
6126
6923
578
29092
4187
6606
2076
10988
4162
29217
25937
5641
9979
1289
2461
27476
21704
5586
7921
4495
30648
4959
32114
20948
32716
3006
8389
1995
11865
32255
650
8736
25773
32327
32294
1844
17909
24608
8646
12819
12383
23315
4257
7079
20859
23929
23165
17451
23015
398
27764
28897
5163
22727
32504
29192
25314
358
9493
1289
27163
14923
24822
9969
26622
26893
25003
27427
179
17993
20009
10831
383
9274
16786
7582
24368
906
23735
14895
29628
27240
4316
24775
16165
12763
1979
13764
12191
15702
19659
13651
13557
20620
7105
22499
9001
30597
30807
23258
10331
13554
29517
390
23019
27326
16558
25174
7394
12517
853
5194
28046
3721
29103
20648
19053
18755
14275
23793
17997
16055
14959
20755
1456
31851
8180
3552
11125
2521
16821
30655
30901
6338
27451
18849
9196
4038
2685
5175
11097
9010
13662
15715
9895
28697
10360
5100
23500
19878
8984
19317
6962
18608
17545
29872
10004
32143
20118
17871
10796
17454
29002
18235
395
25186
1018
14473
24008
14458
20358
16810
32604
7192
19931
17505
4685
21823
700
25082
27914
29100
20931
2362
13974
25194
30114
8338
14313
6049
31919
8343
23700
3759
28320
12983
9891
1657
32658
10276
6599
19971
29777
23829
25013
24895
7123
23598
14281
18467
517
22076
19439
27646
16331
16934
13507
22284
3137
14625
10999
4680
29512
25378
5109
5505
21822
1945
8134
32176
5132
5724
32307
32137
4454
15585
28458
15440
25166
23473
12899
5870
23514
28697
6722
30532
23864
17955
17920
13759
31471
1733
18182
14637
28519
30295
13721
18639
29868
30538
30908
17583
27503
9496
17746
14387
29518
7031
6276
31475
22613
15826
12642
21448
31172
4857
19917
21029
3602
2328
11924
20907
26675
13798
9949
23543
8727
26398
15047
23743
20595
5939
4429
23581
9155
6720
15726
13098
6800
5949
8842
28367
10478
8569
30736
21720
31050
1604
12374
16202
10850
8940
18120
16887
11925
22252
14661
20047
12381
26207
12486
18809
8218
24763
7489
18595
20241
24507
18637
26518
15284
12957
9734
28045
29476
18830
23987
13383
11252
30051
24486
1371
32304
20361
31460
25036
23709
24127
16646
26589
13123
18690
14559
19238
20265
12617
9311
4840
29536
883
23991
4766
16194
21502
4030
20692
18940
7417
19860
20540
5962
28604
19845
28415
18818
28374
19248
20561
13524
9287
21736
1096
14288
2032
2138
25070
32040
19015
624
18325
2744
14159
1654
13674
16835
17864
8316
30285
13440
9890
18171
19168
29909
26808
16315
19166
16482
1211
19443
28847
11713
25964
24499
825
16140
16399
26751
20984
32160
20764
26428
30545
801
20791
24913
5411
5055
13922
27910
16288
11703
5490
23855
2651
12828
14271
20495
27553
2775
14624
9591
27149
29165
16919
8238
18519
15872
12872
13973
9069
22553
20272
22155
14021
16036
19219
8335
15089
14780
14390
24100
4724
9385
15439
14202
14548
28839
6202
27722
10224
17641
22509
5122
10132
24542
16046
10530
15179
7603
17284
25574
8820
18457
12779
10277
7832
4936
17099
2681
29691
27716
16811
12448
22641
31839
4642
4386
17523
1535
10639
22068
23154
32417
20746
26589
22635
2590
17307
24919
18364
15149
31913
30136
24374
15658
19125
2002
19315
19222
31304
31063
20842
6110
11561
30017
32576
3040
12756
14704
24418
31659
28456
9109
25040
15366
14432
1360
28604
14133
7492
917
23891
26487
2720
1364
11739
23251
20214
30041
24062
9236
22384
23409
10341
23827
14616
4302
30857
7732
23115
5036
32710
3891
20587
15925
8370
29985
17877
25762
9388
25001
31763
7844
28600
26520
15954
16386
9866
30877
22550
17539
31456
20556
25644
13070
4629
4201
2017
15376
14835
29284
28273
5918
24522
12832
6338
25564
32190
5624
21842
4637
29285
14340
29806
5451
30354
29848
3238
26378
9579
8718
25469
7448
19138
30150
20069
5751
27554
14954
8170
975
15655
15223
29997
20238
32147
2553
30612
9809
25503
32406
26304
11783
6159
7373
32447
7763
28041
15232
3715
20403
19111
5808
21139
31456
31307
11913
26625
12277
22067
6046
27548
18642
32717
8309
6502
23235
6988
28742
73
27485
16635
768
7685
27817
6353
9869
30573
17541
21574
23895
211
25414
31334
18955
27329
11682
14884
2205
9962
15822
14064
6284
14687
16355
908
15463
10758
28038
16155
29328
10825
27848
2171
27456
17163
5707
15316
8139
7904
26279
11889
28453
17533
7947
23759
25509
21869
22824
16116
1546
9478
4682
14082
25020
15260
29128
19980
7764
6644
20127
13096
21085
20731
14426
12486
29532
16824
1845
3136
1807
6528
14209
946
31219
24169
5194
24075
16136
8193
30008
16740
7384
8255
5043
17297
19382
2233
15178
26870
18756
24
22870
1436
1336
13257
12250
13445
19295
10742
12206
22844
3810
28597
15837
24495
31432
30591
26699
11841
27580
15331
19867
32284
14096
31355
15439
3524
25347
6944
19761
25074
13375
5978
31986
2207
13478
30234
2322
4703
5966
12204
5119
13808
7626
3559
21633
21011
25260
23719
21589
16794
11591
32381
537
13763
12986
14756
6760
2756
26666
20791
11333
19111
19022
16034
15549
21080
15921
8023
19912
19709
28467
10946
19569
31109
20049
17534
10806
28292
5799
32457
9650
20542
31539
8501
1657
11521
25052
1953
20548
29625
20403
28008
12622
14526
27256
30936
12285
15600
13152
6886
23493
27398
24341
5919
1354
16163
28415
18402
16836
19626
28610
29389
15784
22100
264
16757
8837
11392
2688
12890
5163
17866
16935
5658
2323
17886
26566
27876
507
26255
22971
14384
25809
30499
26365
5293
32466
26097
603
12411
29171
2095
15108
29083
4480
5125
7756
24740
29187
229
26285
11191
12391
16927
7180
21940
13405
4016
2366
26030
29183
12635
10955
10909
28339
32764
31474
26451
3411
4376
16109
31410
25995
16568
14710
22555
10882
3448
26249
25641
25788
31451
9324
2464
831
28129
28141
6816
2036
14300
2539
21023
21329
17279
21527
2454
21301
6200
764
30457
6419
10176
3901
1773
6995
6640
8222
10038
9717
2774
8518
5486
15992
28424
26052
1533
32506
4664
31823
14149
11424
25609
6354
17693
3384
1825
14120
20609
16413
22143
23331
20359
7771
21775
4564
6549
26132
15228
6150
978
13603
6214
18956
8666
5886
13844
16573
32438
10721
15435
16316
25099
7977
15839
22781
30097
6910
10858
27012
24263
14132
21883
21360
8422
11635
2096
6457
23315
27798
20743
15926
14040
7506
1521
4194
6869
23064
11432
16223
30131
7740
15683
25787
13658
12374
29448
24947
15972
3049
8065
13493
30673
3650
13266
12266
16124
27299
29769
11252
22477
10657
2615
9140
11569
14283
26622
22480
30151
18316
13164
24499
4317
2643
10823
19413
12186
1264
13609
15676
7804
834
7310
5699
17158
28431
5164
10394
8626
3635
4227
1166
45
27645
6836
19850
30659
29142
5782
14302
3096
29475
12039
5056
6682
12397
23680
2448
13107
5567
14829
27489
14531
14416
7099
16308
19405
22370
7474
27014
25841
25706
6149
4494
10394
22129
14887
13504
19320
19642
11745
31765
6961
17573
2082
16782
32595
26323
28950
26231
1678
12171
15097
24297
21536
30301
23342
5778
400
6405
31115
4792
18591
19858
2552
30076
2428
24519
9272
18012
311
24001
3590
9212
17528
30682
11108
17190
21105
6094
18736
24335
21521
29468
30200
32476
23418
7343
23823
13412
14262
22974
22496
14392
12453
15857
10627
1761
16186
21189
6286
25448
5607
20017
23342
25372
3414
7306
2422
26255
18778
16804
2550
9186
10789
21818
11408
9794
23995
7823
26503
26291
9639
4950
27353
25100
9452
15823
32207
20547
19006
20020
23250
24811
10866
23379
32128
8443
24372
5756
5887
28113
15864
30365
7313
6519
31539
7852
9321
9252
3530
837
1214
12038
26314
5013
26909
3134
20827
26998
20995
4141
3823
17627
12971
2030
959
22127
8485
31011
1912
7545
19624
3829
11825
23811
11817
22614
7585
27707
10028
15241
17039
26137
731
17125
31369
31810
3413
9942
1497
28973
13640
14628
21941
32132
27586
5496
2742
9421
13892
15132
14220
15689
10009
29698
15343
12060
12261
11528
19416
11951
641
9082
30450
30291
29702
3032
17483
17191
5672
5594
13904
6459
31430
29106
19192
4853
21950
14993
19519
16308
28934
27244
1238
21940
9977
15104
11545
15154
22254
6164
9281
10960
2063
1790
18907
30522
11881
10088
2937
12810
17983
12628
31399
14825
14756
5214
32544
29687
17481
7233
31042
13422
18835
16029
26816
6786
20720
30200
27543
25483
7276
19970
10563
31077
3455
1309
32306
16407
19497
26396
31609
26292
25665
17739
3782
16255
19723
12208
26261
25426
3848
21393
26279
9281
31762
9015
16560
4986
11688
10993
1361
7791
15750
14171
16709
1848
27768
12511
31455
15410
11121
20605
9140
21229
15063
4552
21141
10821
21538
1585
22976
30670
4517
28040
3414
17526
2219
14272
19984
7269
18886
21491
11310
30248
15204
28837
14001
5391
675
4429
19146
27347
28263
7442
30610
15484
6313
19154
18939
3714
12818
3688
5383
7219
11208
27439
2616
24148
13192
20418
13895
25867
13813
24326
13849
2301
23343
19051
14318
14259
12712
8558
7388
24386
31539
14947
20092
15659
20574
6257
7395
5248
3586
29406
14547
3912
16664
16780
7731
20261
1230
29380
701
28980
1755
11827
7415
2357
9743
18738
22372
22508
24366
20555
17403
16582
31742
18936
25560
17088
14495
5805
5938
30853
21275
4633
18829
25558
14654
22954
11824
2095
18600
23631
8410
6312
21792
6017
32433
15641
26923
9604
2939
12929
29917
234
14096
19113
24304
8538
22287
3844
11283
21903
10449
2778
12420
32419
12187
165
32737
4238
17176
3772
3900
31722
25094
1838
15725
25849
7471
32497
13740
19432
11931
22588
24671
2645
4356
19505
22064
18960
11146
14271
2403
22814
26024
12231
6502
32516
14183
8317
1194
14146
2513
31762
11442
29981
31657
15504
24682
21665
24153
15621
24761
23783
32556
11747
4953
14228
4285
10407
22503
418
18608
9913
13110
6499
1439
24467
17641
3522
4439
21030
15169
4813
21317
32121
14643
8048
1835
3220
25278
6275
19479
31132
891
11528
8086
27711
886
18349
6437
22355
7740
14745
31208
6585
4149
612
25759
9864
11828
22887
20949
30823
6989
23607
5210
21563
4327
1644
500
7939
27921
22183
5202
19199
31514
17619
5697
8216
10843
28074
12579
25468
10072
6011
28316
8841
2824
29739
654
9452
5232
17531
29000
18954
8311
16520
26106
21919
21493
27032
19820
28580
11277
10515
2288
23415
26813
24784
19862
10806
1459
20626
926
27755
13666
29907
14899
9967
4694
17088
854
3848
31428
25988
19480
20949
19046
24777
1292
27372
26245
15484
12028
20033
20568
7633
8155
26954
12684
29064
5115
16224
5924
2926
24448
9577
20099
24358
21525
24756
6343
13865
11997
11556
10329
1804
8876
28305
7362
20994
21112
4459
28865
9889
20490
24224
3738
14057
29433
18112
32432
7042
7129
26720
25686
11589
14256
21948
15587
6142
6057
23968
5380
2672
28941
23432
10327
10138
6510
21254
7989
7481
21286
23140
24271
910
15872
6282
8060
27233
16436
23075
15697
14150
31641
508
30451
14623
8982
22700
3753
5346
17497
32634
437
28573
22988
2683
18917
31159
14533
1531
23909
16248
12286
27422
24791
25291
27204
18375
16293
8771
26995
7609
7830
20829
11681
15613
23712
9733
23706
7555
5630
32603
32141
31756
23938
2486
7428
15942
8235
25577
27929
25145
26362
10694
13799
31971
27394
2017
10816
3103
12223
15511
29854
8140
6056
10830
4187
7722
9991
24317
17188
10119
26889
13552
19115
23836
11025
28869
4764
3890
594
187
1747
5769
20381
16684
21964
23801
13687
27223
14170
22874
13423
2915
2972
674
25007
13985
26157
32333
27600
17170
22940
3586
25075
18217
5916
115
28941
12497
13948
10629
2946
7858
14937
9649
12022
24240
9362
27817
15455
13749
12028
30527
5727
21681
31831
31875
31186
7903
21889
2604
17571
9545
18154
31802
7907
31630
12872
6105
14876
18915
10380
19847
6882
16472
8212
26233
8364
20317
23330
8507
16354
18820
4749
408
8759
21128
14518
22457
8505
16271
26814
17041
20262
19628
22006
12664
514
19368
20375
10517
5350
12290
11444
20354
21403
7220
13420
939
17512
21560
22116
1015
17447
14667
18293
26667
10398
13041
22177
29323
23821
10553
3660
31810
11524
29762
30120
259
12663
25854
1650
3569
5140
19254
10972
6076
7380
7374
22474
31757
15825
8779
5952
12837
4439
19602
5915
28353
32317
6130
4096
16192
30326
8293
6291
24583
995
19219
14569
21029
5995
10520
21055
29747
20046
30599
12012
8830
8630
24751
20116
8809
13456
25245
17055
23820
13209
32482
12009
11553
31676
6038
17083
17441
31387
7580
15867
27306
32108
29736
22175
8228
25094
11647
4711
23972
24123
1278
26828
16
20841
14942
16692
7557
21580
12854
8551
18933
31510
32705
8262
3861
32194
15330
28859
7030
15013
19813
6380
27889
18246
1672
10676
31305
879
15290
2643
8204
25220
14242
11364
21690
24340
12387
15376
26665
19630
8735
8322
21032
31734
12986
24730
21603
25847
736
16358
29575
19387
4169
10190
2982
4889
3387
12558
988
12751
20817
24938
25907
32209
18300
29084
22724
16864
32071
12178
20767
20829
14175
20694
25325
3680
12114
18766
4308
5637
24215
31269
3739
1798
31439
19721
16271
5775
1866
3991
29733
26445
8141
8979
10976
22217
24722
21597
22645
13556
3985
28704
31534
6658
27390
26445
32140
20092
16659
6088
11312
31121
13583
3425
17147
2478
21887
20229
21877
2894
26556
3125
5739
25106
3253
16056
17117
6164
8942
5261
13335
14201
2505
13860
23837
25157
10757
15566
14156
7283
26500
28017
25151
31814
24657
2944
31472
13530
7393
22570
28191
12030
5529
4562
18936
9286
12689
1984
21232
28763
8856
5654
24560
3222
17016
7685
16821
27085
21883
20032
14711
7277
22061
20401
17096
3785
11876
10860
13504
11698
382
30433
32343
17224
27626
12117
530
29711
23530
13715
21730
4678
26518
24798
25673
15220
17445
10283
18366
29763
17000
15501
16723
13969
29847
10225
12693
9669
24912
17419
691
23903
26589
7568
20195
3540
14774
6054
17922
23448
3398
25497
5754
13436
28146
8399
23913
3898
19800
14590
25088
18766
14804
19612
8233
5896
24137
17303
26220
14816
12062
22087
2835
28937
26758
8865
31884
22601
16901
8621
12560
10503
31536
4410
14722
4518
9652
9680
31642
5905
20633
6374
22338
13463
30920
26453
15168
11770
25291
21517
27926
18370
16853
774
2086
22999
20482
16506
30746
28751
15327
18514
29315
28293
3885
8670
13248
26731
29410
25544
802
9761
29809
29771
16974
1478
12363
6560
3042
12174
1446
28345
9563
20500
14205
4146
18486
19698
7896
5509
1621
10128
21069
10877
19877
569
26311
23789
20222
31604
11654
29345
19530
21393
4967
23445
4586
4226
1382
5221
8021
5100
32353
3333
17154
22398
8735
26546
11657
17282
2448
9256
16389
21425
9302
2838
6588
32332
21381
28111
10498
4456
8615
3650
17242
31370
15364
17196
2271
11379
4384
11404
5858
5949
14468
3160
19925
26279
1985
5998
11879
31406
30899
21197
4593
20061
17667
20741
16913
16613
23279
25580
13204
29936
3918
5779
26778
14899
12494
888
15860
13634
24705
23293
10193
14761
21400
11801
8602
2616
25198
20814
21786
29598
2248
27611
15586
30010
15195
1842
17900
27693
13966
12972
13438
29876
10882
3964
20561
30133
26703
22754
7155
2711
29841
15521
7018
16215
8996
6066
28186
21208
8235
27450
16361
29563
2647
7610
21920
10736
614
23685
14484
26188
21481
12664
17799
25435
6987
8421
8905
21559
3343
25552
24994
4121
16985
4702
20213
12400
11952
21130
14109
21808
8962
24346
8475
877
488
31441
17651
21032
2348
9191
16723
22889
21641
7094
21622
6030
32177
5814
7240
16610
32149
10411
8651
11633
13024
16669
13241
22811
12740
19465
21611
10728
16634
19158
16121
28827
10244
31114
18339
22410
12982
21566
7023
13228
3572
4304
8980
27636
25021
24791
3351
27357
19561
4060
17204
20039
9006
20935
20223
18817
7145
21911
29131
28071
17435
28758
29643
19502
26930
29772
28279
10173
22027
2164
5681
10046
2484
5164
18217
16182
19318
4912
22910
17745
16403
26057
166
25154
25676
28994
14863
21961
4262
9372
3846
16661
27246
13699
11737
27469
26107
10624
7736
13418
15923
32623
5345
10823
1361
3380
10877
29691
13029
26026
31172
1894
21275
23260
26856
23818
15169
28792
8753
5660
26500
21120
32740
18651
26106
9283
28522
26401
29414
15244
4014
29496
10807
7193
3783
30446
29265
18254
2775
28908
1040
13355
31283
11331
13322
892
24260
13896
24853
17487
18605
26274
11274
23723
27693
11681
23752
27263
20167
7378
6267
12505
20385
24016
19742
25944
3883
2908
30270
29156
31232
8368
7937
32412
31505
29457
17768
22544
6400
27044
721
1457
714
26498
7616
9350
20393
7182
26846
23072
30265
11655
4930
29647
16089
29145
19952
1558
13652
10681
27295
8285
24001
29168
22464
26854
12455
24311
7611
13570
8805
30405
16764
29061
14801
31973
12334
28535
31264
17611
6214
26892
9222
32360
21444
21206
4637
12540
18357
19770
13451
22572
23805
18977
28640
22356
30291
15087
25405
14110
1933
23225
22971
24916
12830
26803
27402
20210
2781
26343
3929
23680
27912
12589
10870
14494
32392
87
21047
8417
18806
11692
21528
24797
3807
19096
15909
18307
14020
24737
28443
1710
357
28061
29130
12536
24000
28706
10173
18898
2388
6207
1821
7124
23850
28777
28627
18769
27670
4792
23533
19247
22075
15956
28483
20981
30157
24874
10842
15654
18715
27107
17544
7374
15820
30230
29017
29018
16744
12476
5426
7596
15131
29925
11572
16239
21174
2218
28259
25000
10487
1123
24584
15758
25866
14874
30036
32156
15183
12607
27205
14052
20830
2716
26574
3238
9033
24716
13106
12833
20001
30568
27825
16041
25531
21059
8550
2042
11187
32727
13424
30412
30130
13246
25424
2472
24813
32742
27026
31225
15598
16959
1968
14182
26519
6838
28979
11615
19556
32103
26139
1782
26864
13582
31617
25841
31419
27071
22395
14877
14890
32728
25664
16869
18127
25395
16012
17698
10475
4768
25414
8501
3121
32658
24673
17748
6093
5656
3328
6689
1957
271
3293
1921
27359
32407
8939
3243
11171
22723
5946
7807
17442
22165
13339
16410
17623
14633
7814
2471
4108
6448
3512
4471
28321
14496
9760
27477
25097
7338
31612
12819
22421
1005
32320
20329
8437
3305
22583
30208
22012
8374
31852
457
931
30197
28235
12947
19537
16392
1028
29917
23897
24190
10288
11496
24004
8401
24247
14353
14930
29268
4337
6238
29371
615
25867
32343
19514
15597
9389
9495
3404
9984
30425
13474
9910
29667
28951
7801
28101
26167
17359
10348
19417
20850
1526
6576
1829
20366
25580
15921
2224
32510
13733
13353
17311
23782
16392
14322
8631
3979
9620
25113
6430
13577
19017
2995
20321
2628
11974
19700
28091
32288
1711
18941
2709
1269
3665
16886
19529
16445
25481
5213
10539
20112
26081
12445
26826
22483
25085
9187
19059
10668
3126
14637
29943
30776
3716
24484
5038
5889
11681
19243
17596
15914
18795
824
15507
12269
15499
21474
17082
21064
24404
21820
27596
4338
12781
31970
13507
7060
29107
28113
25462
21558
7641
31356
20577
503
12113
3356
32165
7170
2032
27207
8015
16573
23757
452
30941
11588
8170
16798
13311
18709
11542
8055
5274
6669
15889
19487
11794
13459
27122
17765
32201
31763
13254
14893
3811
18350
27770
29891
2893
16175
27643
16239
24061
1089
26011
30538
19067
31712
23479
16719
7584
19470
30358
5557
23453
25031
17045
5501
3904
4918
6529
24135
7795
12841
15173
20585
18438
8899
22981
31554
11950
19056
7177
9164
5453
27422
23710
6513
12403
16043
10041
19744
12581
26265
14750
24223
27870
1033
3008
5155
18132
3047
9002
28702
15996
11106
13725
22872
18256
20639
24315
2369
19920
11182
28259
13446
3527
15293
3742
8674
7631
15499
19898
9015
21527
2080
18420
9437
26724
16572
31196
18233
30550
22285
32179
13970
19181
16548
14360
13601
3147
29354
14308
2919
17084
29903
19794
21188
17395
8324
7267
20036
31127
24682
11904
17852
8190
1034
18273
5910
25144
31686
303
29161
30543
4367
29669
29005
9421
28377
27644
2029
19071
3660
29767
29277
23417
23485
14108
9134
26714
10204
31412
24640
7889
14639
15572
31448
25184
4543
12717
26610
25184
15633
10754
7001
20806
14935
9352
25588
8484
22248
3730
14819
26995
3310
30701
13003
23055
14942
15881
4205
24451
17454
29274
7550
23687
31170
32766
19634
7367
19623
21664
19995
25830
12419
4252
3761
17347
14156
612
22066
2299
15801
28962
30508
1199
15350
31391
17751
29831
3740
2147
17961
16886
19424
8222
20389
30144
30987
4934
2420
1210
13354
20994
1078
22993
9734
25927
23322
16718
20566
21568
5036
6489
3124
30964
12271
27579
19662
2083
9900
21736
31326
20592
13833
23612
31068
29894
17501
8581
12785
9716
17219
962
11184
8090
18670
9514
4481
27721
21436
28784
12765
13542
27661
838
20289
8015
6229
8736
21724
65
22384
6458
17291
25722
5430
11996
27400
13594
19792
2781
17247
31567
20554
14182
31393
1841
24296
7928
2779
32235
4030
11184
27721
4892
13051
27594
14280
29053
10374
24421
19850
5827
23628
21381
21517
9927
23768
28254
9038
31204
16420
20688
28730
27296
19118
28974
19557
9871
3279
4931
19966
1653
27208
407
29699
12715
16414
27630
6833
4292
7337
3858
5183
21359
15847
2514
14795
3487
18966
843
2197
12266
30337
1638
8043
24367
4250
13986
12388
28540
7497
16916
15057
1583
644
13484
8561
10075
28448
4281
28900
12909
29926
20655
27234
4623
2282
13864
9901
9036
24088
2602
25924
6133
19984
12968
23514
22596
17460
16715
6662
10176
24318
24434
21820
4448
15256
15223
12540
24307
8102
23348
22345
8127
30054
30661
30045
617
19964
18064
28827
1557
24071
21379
26565
18125
10360
20637
21615
26919
19364
32432
24756
26914
9368
4965
17703
20562
15532
16512
17164
5949
13659
16485
3785
13828
9809
3035
16023
10310
8646
7441
4477
26689
21259
25567
8831
9530
27490
20301
23571
14623
20755
4185
16340
8556
17596
31221
22138
32587
28905
8784
23562
25343
6116
10582
31818
26242
21455
18554
13176
23405
7407
4019
10043
4121
2635
29636
3034
28676
118
4545
27052
886
17065
19407
22224
4708
6676
9003
31005
28308
1910
29550
25692
10498
13036
29455
10421
13955
3590
7465
9576
18344
23584
26750
29630
22501
5360
28605
32318
14322
21851
28416
6179
6002
21133
15001
10510
20947
840
4878
16633
629
29564
31330
10348
9230
30233
28310
16627
16205
10529
11632
18895
27837
1
25979
23788
11757
18465
30799
14355
25038
23482
12818
9825
22620
30440
6719
7672
18816
25344
16806
26100
13109
27683
12725
22689
25323
21779
24821
5611
11816
15686
20695
14869
7797
11577
14513
27822
5240
15623
25092
23489
9822
2362
6656
30541
15740
27105
23626
244
14133
8163
6908
17399
3358
27794
18414
2402
18528
18307
820
7300
17502

9886
4839
29602
1176
3185
2089
20717
8655
20681
13667
28592
4715
22404
22993
4558
21017
10657
9793
364
11448
9369
32535
23275
12406
13298
8085
13081
2870
18705
601
28072
22326
1360
13095
22495
6894
19024
28137
23439
59
9361
12020
24137
1724
17471
6285
8398
13692
30799
20908
12999
4050
24523
16896
20150
20870
17770
20274
12845
13877
22884
32622
17982
20471
15748
9504
11314
12606
6015
30715
637
28162
7556
16192
30194
14363
20756
28989
29492
6894
23572
27668
3181
6731
17441
11197
26434
14486
26659
8526
18182
10277
31781
3962
1837
11242
30564
4184
6660
27474
10405
10342
24480
15724
25804
2766
26900
12110
939
29416
31720
18869
7960
14079
27078
23019
18498
30808
4213
16878
10053
5232
5644
5070
14587
15238
13663
31831
7957
20569
11966
16624
13931
30003
12511
21699
26513
27174
19992
18718
26027
8342
20945
7449
20354
10232
2618
12410
26327
22488
23097
24021
20983
23329
10151
32760
7055
153
31163
26246
25794
29867
23494
32225
32121
18537
22561
11853
22266
27089
8036
13907
1213
29007
12249
1124
16250
26756
4401
21439
7815
28230
30837
4245
31585
23528
26687
18282
13193
20411
8489
9150
15505
16596
30342
16877
15990
16
23376
22612
10288
19030
15202
31669
29320
20508
29927
732
1322
22061
1555
19843
29179
21417
17169
29300
31404
12621
10300
6381
5264
3572
7313
328
24234
11358
14436
219
15883
28209
25683
29982
5211
61
25721
29195
17589
7172
9188
12235
31416
634
21576
31630
26586
5129
13812
12219
27392
10712
7174
30537
22092
5197
219
24684
18230
25297
16074
629
17631
22739
16658
15091
6305
13327
16656
17951
5355
10256
25526
13943
15948
13043
19256
4008
2765
12143
28936
2225
11140
18450
23557
14662
5222
12237
1776
13938
13917
17331
2847
25217
8091
31230
25461
29725
30253
16979
23441
30903
211
15175
32582
22057
12815
24865
7755
3993
27004
6625
14388
20896
24417
17026
25761
2475
28294
8573
2998
3234
12358
25230
715
4296
7910
32698
24932
32483
12837
15249
8803
24220
10772
4273
25980
25128
31784
14987
25834
21800
5774
15210
29536
29390
28094
945
5699
26434
2131
7779
4118
68
32026
1769
28470
20754
5993
3088
29895
19852
5554
25682
26606
8342
13911
22358
10560
16830
1728
8378
6779
3615
10412
28687
11892
26756
452
10789
13649
9425
2422
20361
14584
17055
10496
11341
32200
15143
25035
13575
31622
26209
11771
13596
25242
15213
20292
12863
379
28721
32767
10548
7784
15428
14973
2010
6489
17162
2715
2152
27189
26913
7574
20983
20293
6396
1057
577
16361
15054
23221
1192
30601
25514
19497
23162
11471
32744
8834
14451
18707
31946
23052
7555
13335
13664
27306
18130
2037
9896
15210
9474
16725
12026
29788
14004
16355
23715
8869
27725
11009
4049
25295
30970
3768
29615
1379
13553
17653
4816
25018
29946
32498
2769
19216
31534
754
9018
23514
25855
29233
19366
2905
14969
11035
17700
16752
712
7100
31452
23731
505
6264
19958
24256
1029
2812
22711
13010
22795
3444
27885
17043
26333
17918
20878
19762
29630
5727
924
13494
3690
29686
32331
13714
14167
31726
20070
15481
12091
6071
29935
20083
3790
17846
23814
14129
3025
23099
26891
29085
3919
19636
23303
32438
291
25889
7240
7835
27834
24008
10316
8165
25370
19754
7905
14650
15907
27701
16777
8480
10517
3259
24611
22542
4691
21539
30920
22729
27239
3679
3828
8942
21573
11550
32230
21450
10964
18242
19017
16754
32682
11412
14099
19472
30487
25014
8622
22908
9574
6234
26966
12044
20831
30642
26050
7596
16401
18727
12550
13361
28110
23886
18616
27626
22646
15640
19025
888
16121
31561
20183
31712
31255
14891
10681
27615
21098
14723
3835
7550
30631
196
25746
10725
32033
31107
17170
1908
32654
3627
27014
15888
22542
8434
10399
13755
105
28427
2322
21352
3224
13341
12603
22541
23944
8693
19974
13817
28954
120
783
20584
29550
2523
9736
22869
30049
22294
18780
16783
27732
28821
23057
28431
24368
22321
21747
11657
25766
6496
22255
3393
22204
18600
3261
9248
24453
25434
17858
25863
17199
1660
11828
355
2884
31751
29823
2306
30505
31059
24039
15397
21995
8655
3695
17366
11578
8693
2042
17531
20918
30333
9393
32428
21610
13265
4260
29250
27030
25026
1716
14256
11442
16249
21680
919
26031
944
27326
2196
13184
27938
31229
11101
16345
14143
26216
15628
24631
18213
4094
12218
18464
9420
14112
31056
12460
5248
58
6298
6468
25749
23205
28829
1450
17238
20172
28203
23865
12606
30606
11188
20335
25451
10980
1887
25000
10831
5572
24409
2604
12457
20293
26733
31852
9907
9987
21206
2697
11677
12997
12625
16406
5947
24413
22134
6687
19963
2256
7239
106
31001
23991
18954
25596
12566
4581
3156
9951
22630
9290
13159
12579
27753
15383
11197
22307
25244
24867
25829
29962
26129
5006
6798
25493
2332
1700
13282
10778
16208
772
11541
4553
13225
13313
16189
32306
20235
25672
14948
12039
747
28099
17883
20259
11340
24766
31442
29900
8942
9801
3366
30517
18626
8669
30330
15687
11680
5698
22409
27041
6972
20911
954
2014
7511
25908
27382
7958
23090
27477
21942
19879
20296
8696
10080
21045
17980
23425
6867
9711
5649
2875
11584
3092
1177
28922
11069
15030
23600
10238
5140
191
2474
7451
18273
3377
22153
12311
12508
15282
4979
1108
26227
2631
18148
17582
27804
7264
13345
24231
5353
28437
20077
30914
10972
8879
27774
10284
25342
32106
20530
10657
16427
2937
22143
8590
25392
75
25512
10099
30872
15629
24503
8332
14530
8304
22311
11696
11831
940
5089
12409
13883
2245
17002
11173
28578
7692
30554
700
3045
23274
10512
23795
13941
6617
29092
12113
1615
29619
11549
12816
11729
47
18404
17734
23756
32680
20857
2245
2266
21025
10085
11071
4082
24455
19568
13486
26937
21813
16403
20466
22555
23742
27184
22460
21915
12262
28417
10924
9191
11761
32591
2742
16432
22049
30948
3018
9912
19322
27458
21940
7469
17864
21653
15681
30517
5091
10983
30883
2378
4914
1427
29462
15816
16494
31484
964
68
17832
1662
3046
29472
10638
2725
16429
9052
1002
17309
8544
11951
23403
15850
26694
4055
4264
9561
26822
1325
31330
55
12365
17788
5897
10944
25456
30483
30594
9946
7891
7449
18216
5124
24393
28449
5393
25481
13628
20222
17042
7417
18256
20697
15109
18137
26691
2433
22729
18330
17432
5889
7051
21192
26740
6008
5060
13956
11336
549
10115
7476
15024
5826
5229
6009
17691
22291
21250
610
8365
16062
16162
7647
21217
11613
10703
26488
20851
14034
14388
3390
31101
19930
13286
3330
480
31974
12395
21446
27877
8486
10745
29041
15652
23526
383
13511
29093
11805
31210
17303
3398
29251
6817
822
11612
10340
6993
25901
29597
18547
15600
27695
18238
3808
13308
32078
12632
30572
2052
20846
22672
23101
3178
6905
24567
24365
22119
13268
11567
15208
21583
26514
22992
27958
27159
11752
21513
27157
14100
26977
29323
29451
26885
32339
32674
826
16468
22034
32677
3253
10649
8803
13969
30610
4192
30004
12529
5953
20268
138
21505
2588
24764
4794
14610
14142
13964
8924
22576
24217
22687
381
17923
28483
12924
404
2291
6161
12663
11703
18831
18023
6193
23951
25136
1870
11106
16266
4569
32455
7126
10959
22114
26976
20918
19831
12758
23556
32009
2810
24345
13847
3962
7911
14798
31171
860
22489
23927
32396
5099
32422
16350
12843
19157
15833
19125
23449
1785
7523
14457
5226
24686
26253
14492
27740
3527
1073
7906
27440
11925
13098
8716
25784
7982
5897
28084
21298
14765
1801
2936
11220
10298
10054
26458
25000
11404
8745
29543

2714
171
5671
11927
23248
13563
2987
4853
27193
12150
1872
12031
30825
12345
3156
28240
8868
32578
9034
21884
16440
10104
14606
13628
22800
25323
27134
6347
27271
7262
3431
29583
28282
10755
5438
20988
22689
9605
5649
4534
32287
1355
2876
25845
6999
23292
11104
9518
27650
23358
24849
14576
2430
4804
15311
4364
873
27783
27960
248
26223
27987
9851
30325
9568
18566
27152
21616
6278
12821
9639
29990
1845
4559
10334
6028
28579
31718
18742
15342
250
4779
20936
13270
31660
13721
308
26927
27655
8597
15195
8362
29449
26228
14414
15201
4469
21950
18437
15291
10534
20145
32341
4495
10404
2953
23324
29068
5365
21503
17087
15320
26038
14608
23254
13815
26474
15871
7973
7151
6161
4765
17103
19625
12797
17096
12742
5531
22753
32562
18054
24996
7467
25444
2051
20279
18835
23810
991
29116
12020
6224
6369
16947
25179
5621
17827
795
8542
19967
20362
7058
20656
1064
22011
11709
18674
12631
9676
27754
26059
9834
24825
29684
2874
19507
20121
10855
5419
9408
26384
27365
25929
29152
28805
73
788
9442
16279
13065
563
31648
28747
28257
8971
28349
11081
16558
24976
21802
19273
15128
26203
24815
30408
29811
3582
22824
511
13159
31380
13645
11541
975
25500
32183
4756
15200
6151
5472
23066
12683
26255
20715
849
11940
24651
32484
23840
22083
10624
17736
32035
4331
19643
30792
19289
14569
17436
20042
30237
3711
11509
5425
25176
14146
22932
19678
27636
19649
13660
19190
2708
15975
12059
19430
11906
2723
7575
5413
27112
4933
21098
3257
14916
4396
20240
27133
1558
27422
20543
25505
8923
29687
9078
32498
30527
21510
31449
25692
3471
8628
13116
23853
10861
28006
16510
24219
15303
17573
13336
17929
13322
28797
4597
10886
9618
29474
26501
26519
12902
2266
22797
17718
9250
12310
6465
24858
16436
31970
32532
15673
11339
15232
11727
6028
30477
9808
864
28434
6409
13044
16629
23063
492
15024
8650
4534
1527
535
21567
22173
16304
25572
2350
4880
14808
8998
3451
24113
30110
10400
8685
17534
8466
12143
1340
31131
4572
9453
25707
22354
22574
16342
9559
19928
32247
4777
16273
10577
18010
7505
5993
20631
350
8709
3915
24887
18407
16749
17231
19645
13285
8710
8971
23346
26827
9927
23980
14050
67
30981
21573
25955
12063
27028
1638
20946
13971
27951
11505
19552
30114
14361
30505
8973
11991
15621
7692
14260
22069
4916
16867
14152
31600
2013
17943
22109
9310
24273
8006
14058
11176
1631
18326
23373
30661
17013
19785
19087
7721
4873
12178
18922
18105
22967
32167
20360
25475
684
27672
4750
4268
13506
21599
23641
12457
19692
21176
32519
6322
10453
30259
5434
24948
1220
14087
28440
12295
28867
10025
20631
2847
8448
4381
25847
4230
7539
30989
2960
7882
5313
13336
25037
18227
22113
2540
11897
7159
14333
5271
4665
11953
27163
21146
8538
21264
32764
7999
19149
31180
11972
1325
12400
14303
2012
7994
21648
19953
12949
31616
16555
17428
26894
13491
2426
28081
15447
13746
21550
27074
25558
23387
16635
29506
7146
26788
24275
5602
22479
231
3188
6910
19138
7294
27300
17103
3173
11152
17339
7650
23652
23338
3171
6857
18777
12434
24988
7184
16109
28376
10243
10867
16192
31405
12371
5965
19340
12408
1324
9044
16389
24743
17939
32132
9987
26179
13243
11865
18274
3016
20866
17217
29225
12851
16447
20049
21355
28252
13883
3639
19051
4230
14461
21104
3331
18997
31051
28603
6727
26176
32749
22733
16485
18214
32180
12102
14800
8101
29755
24804
9629
6537
4333
9462
24365
24259
25031
28180
30988
14522
18271
9230
24345
14822
18470
14882
25575
9626
10474
30066
15716
2593
28319
30645
13496
16653
11614
25132
3440
18892
18606
9431
26588
12924
2307
19946
8885
768
10884
28027
3
24148
18705
24957
4414
19997
19845
7665
11956
27781
16440
17755
32298
24645
9417
9587
19654
24323
17178
27678
16429
10719
411
10396
8936
14409
13516
27907
20492
1301
2045
9196
538
12753
25432
28268
2340
29782
29474
7750
11313
669
13374
8286
14819
28884
10739
27505
3159
13745
8431
18180
1101
18695
9099
32410
16265
4247
848
21802
3705
3880
7098
19664
27927
2522
12861
5827
785
6071
6022
16263
28455
20363
28163
27492
25045
2037
14757
14102
19251
23999
7397
4294
8217
29803
26373
7481
31366
9486
22424
32072
6467
3938
15172
1936
707
16662
17863
19050
20302
26472
19768
27166
24159
16118
19087
12115
31562
13777
17256
22986
13601
29652
260
2892
28121
15668
14481
24289
25769
25431
2219
67
16307
14314
28706
22418
22758
13870
8702
7497
21027
22162
23232
27249
13470
16519
6891
6421
8072
20112
27331
2293
18923
6296
2901
7294
23509
30857
14519
506
25272
15642
24977
7429
25873
32489
30684
9280
22856
19401
16106
18249
983
7261
15015
28906
175
18406
9246
31120
31703
27225
1855
24063
23895
28853
28127
20037
27732
16275
15360
10476
11644
10238
8531
13940
165
7814
17403
14593
16816
26768
2196
9296
28852
13296
7028
4591
9561
19642
7984
17838
20865
25940
9314
22097
5934
9424
20138
20103
13728
28537
19187
23072
20925
7596
31480
21370
7606
5354
31238
17724
9192
30506
24323
13383
14592
23668
24495
17898
22883
19115
14634
5717
30157
24491
439
21329
29495
24980
18367
28462
25087
10596
8729
32764
12355
7116
5512
7934
23437
9276
29573
23643
26038
26177
5695
6935
4356
6416
7649
26946
10134
16739
4883
10351
20994
15747
4803
6760
16700
22438
26405
9760
12218
21116
12792
26857
32213
9221
3084
26599
28019
21157
15873
30149
16611
10362
30289
8358
16648
12525
8337
15455
28346
13447
16883
23779
25449
9991
32528
21758
9475
15281
12004
3399
28952
5096
7962
18256
17213
15359
28042
8479
6830
27213
6913
27874
17207
13439
15168
12510
9556
12082
26183
25513
24983
11202
20179
14489
15178
2140
8741
4220
5718
18011
5381
25225
3171
23249
16903
12695
23873
28003
15629
24973
16006
31067
13
282
20089
1272
5396
23462
11823
25352
8587
26504
1780
12985
14010
25721
32493
4525
2954
15944
24827
13388
911
2000
31713
22622
10053
8744
31914
17881
29082
25625
18501
20983
5805
21973
6259
6284
10198
21733
24547
24471
14566
13412
14746
22807
27312
11627
26521
14112
32456
13260
9402
17965
22666
771
19932
440
3934
30569
9791
22280
30267
1963
15153
2635
15466
29307
10987
29156
2957
29829
21174
31750
18143
6821
10322
12930
20413
1111
17047
12509
29542
10863
21853
16550
26111
32266
9370
4102
28378
29636
13002
13977
10743
20267
11924
31868
715
17012
25514
6056
19521
13933
13041
21374
6655
20147
21986
22178
16106
32293
28976
31501
5356
16280
15018
27742
29173
18125
13924
113
28223
15776
20241
32307
24535
24961
19892
18101
12121
5416
29816
5247
27130
14981
16603
17702
13516
26870
6418
24865
1342
21437
26793
21976
17122
29873
28779
5630
13940
20275
19841
5153
27159
24420
31710
19327
24289
2454
22490
19228
15258
7680
25372
30481
22721
17589
20670
29735
19920
26071
7340
29092
25538
25095
12877
17765
4305
12065
26214
3629
24964
11558
18491
20541
29417
18298
3575
16421
25119
13904
8269
12249
21784
29794
2400
20999
157
15589
19168
18344
20371
9660
24438
11222
3964
10732
27491
4573
17985
14416
24676
10644
5422
6798
6360
32238
19774
18505
11812
460
6297
31384
3671
24341
23899
5047
5386
15369
15767
12029
11147
27346
22684
27918
13370
14172
12662
20562
17714
18279
24248
15782
30252
16603
26489
30033
17825
10843
29085
6201
22831
14876
9558
3415
7486
1784
27113
23400
2019
20414
24502
19173
773
19661
15219
25654
16830
16353
26296
7715
1283
13868
2496
20619
5000
12457
25198
16216
26846
9901
3214
20914
24542
5823
8030
18803
23627
6569
17484
3803
14259
11215
11010
25734
30102
8384
32416
6042
715
29963
16456
69
1054
29268
10976
26215
30782
22950
1043
7819
12503
2059
32409
29468
26363
18778
4537
11734
28358
19793
27148
21882
20034
29411
22403
29638
15240
24019
23723
30628
17960
2690
17200
1954
12235
21510
22945
22690
14359
8315
15986
23762
24531
10142
23623
24287
26444
1944
31600
23910
3063
7191
3247
15020
18775
19363
4418
5262
8481
16176
17437
22715
11935
14319
26744
26912
2386
30570
24969
25764
15067
28112
30611
26646
19484
8845
28191
23395
11674
2846
20361
7949
32549
17444
4543
11736
31420
24759
30790
1735
1707
17404
22398
29510
13046
14586
7462
32169
9722
15529
16930
11221
15442
11852
2428
21053
24568
23041
12458
4881
23212
4503
29967
23985
10138
18335
4804
616
2103
24774
8343
11863
24684
12130
27988
25519
7670
19786
16964
16932
12045
18411
12020
13214
19523
21144
16951
20785
6576
29474
21614
5199
25420
23721
18183
10300
30876
27825
23876
28611
27537
32376
4670
4904
13997
2184
4137
10845
3687
14472
11481
22392
25041
343
3973
25957
20088
20316
25548
16088
2955
22295
15861
20870
4160
12796
5243
12693
31092
15746
29385
4433
29330
28791
18754
24864
9653
6806
32388
11192
30481
16987
9710
655
3983
5398
32608
3731
31415
7487
9281
6428
23507
13065
1479
8479
32337
23353
8306
20644
17770
2105
2266
26234
16129
29032
13739
26665
24014
29877
10990
12328
7867
13932
27274
11344
7566
29519
19978
24721
23753
14569
11680
484
17614
30751
30826
15744
7751
9736
8693
81
3013
24319
2304
21158
18087
16374
15234
7210
9022
27149
15342
25621
8239
25699
11189
24995
1304
20523
32524
28870
21622
8963
7665
16151
5318
23426
5736
17683
13546
25616
17419
24452
4047
6139
4289
7485
21325
7879
13006
5386
20046
4549
3084
22503
27187
8167
3703
21360
21363
9170
18927
14489
5509
24629
1850
15007
11777
22105
5193
14911
23298
27386
9660
12581
10446
19798
29096
29095
697
21635
26519
3763
19270
18181
10704
6
16272
16544
11225
22175
10728
10859
6715
5492
10176
31014
28549
611
1736
9677
23187
875
32086
5229
23056
23580
16907
23863
12602
24396
18100
11219
6629
26892
6766
10487
22467
13531
14094
8759
4322
25625
15807
25631
3958
18622
26349
31359
20697
18507
10594
19206
1488
27393
23727
15890
26640
27473
23246
27079
2305
22933
25861
29535
32193
10237
20493
6848
3180
13004
15220
9300
16027
6340
22592
5397
32042
30686
725
29927
6463
25151
13337
2859
26247
8040
3541
18833
19139
3501
1631
22829
26244
14312
30582
32206
15154
29550
5229
17291
29267
6722
2956
10910
10762
13705
22195
17782
27358
11326
32576
32007
10941
18983
22835
28517
321
13064
31120
7313
28978
5654
27653
21906
27467
13742
27597
8648
28225
5959
9172
3710
26625
28582
14876
7358
15417
8017
10847
16745
5147
21317
13302
11143
23390
7659
24313
17627
3717
7241
23720
8378
15971
31605
18185
19742
27871
29264
979
14839
9973
880
20107
10945
32765
7006
11757
26203
21040
24322
22669
6423
26728
15963
19646
7438
29991
8052
8115
7350
31451
13715
18404
17334
2400
22707
26291
29176
29895
28980
21840
9472
26966
19410
30938
2941
207
27092
8647
30494
15606
8581
31365
8359
2893
8936
18785
29252
13858
13480
2473
19485
26315
15694
8205
30506
7473
27830
11851
14921
16523
6596
18956
17806
11628
10323
6920
26586
25856
2926
9329
17071
16786
14275
15759
28738
21586
6740
32168
20434
20566
26480
7970
27705
9950
21986
7659
12481
14556
6760
5401
24632
16820
14183
8142
583
24384
29916
16735
15103
23319
5270
6325
16565
6415
5795
25331
25616
20224
8712
4440
24160
27083
26037
30312
23089
17307
1463
20038
27169
3947
26800
9829
25070
7625
31108
26719
17875
24281
12630
3109
17429
17820
32179
13657
27865
28786
22284
16376
7224
15070
7018
60
19093
7306
349
14785
14126
31115
14133
4582
8434
18405
629
374
403
11858
29573
2440
32475
63
423
12195
1603
15128
9004
1318
18114
26821
13800
15847
31971
2933
19427
6683
17690
30362
12369
10102
26712
14644
14533
7571
22237
32083
13985
22933
17742
215
7377
15631
8199
2939
11705
29729
18610
1554
17771
26340
21016
5904
5150
23048
11832
26699
23772
700
662
31235
3194
4558
5846
10016
15565
31252
4489
16060
30747
30218
30535
22241
20688
4284
8190
15508
8562
13799
5769
9490
2263
3419
5765
1113
30358
9635
7264
11498
23483
12776
15282
7374
21439
24339
12241
7127
22967
1074
23200
3880
24011
12829
9639
9719
20202
26201
31081
17298
27836
25916
16113
19104
30168
32594
8111
11690
1592
17920
30594
26842
14825
29543
11542
18690
26631
2443
25712
9183
2537
27829
16327
26016
8857
32022
8854
6050
14983
29612
10991
17534
17278
1642
21778
23877
30934
6035
32062
1034
4076
29799
13255
24481
19663
26369
5993
23719
20284
8064
10716
32706
11213
14437
21160
11562
9581
23100
1083
2409
6927
17023
14137
22367
32160
12727
12307
30600
25145
1252
17115
27778
1178
32287
2391
2249
19924
126
16212
10694
13125
17208
14652
9224
457
16393
10475
17617
26927
24792
9407
3284
23530
12440
9454
2109
5897
4972
27421
26610
26218
18958
2094
16408
31018
17521
29785
4058
23135
1957
28030
30309
25098
11004
4025
14647
12871
12395
23608
32666
5319
15410
8777
26475
19584
28607
32439
22304
12195
27600
25943
12554
7631
15833
26846
19414
9860
15525
13557
21594
29658
6207
28304
31887
19827
8467
28283
7129
18350
2641
2613
9359
29469
11154
24322
4791
8250
1470
21308
14353
2901
3885
16874
2392
1233
2828
1172
20676
27024
28675
20309
27091
32684
8724
4913
27209
2920
967
23209
23669
12390
8836
21645
28343
29466
576
274
15423
28286
19548
13604
4887
4615
26057
26621
23396
31704
12401
32503
1001
17207
31698
2974
6092
18237
26860
12298
24989
21969
17758
7532
16276
16087
8652
24806
3354
10148
10115
29344
17803
12981
29024
15128
17467
20385
27630
697
17847
18253
206
32688
3661
22623
4444
30203
22990
30709
1167
7618
30866
2710
27681
17387
15805
10601
1264
22761
8897
18340
5797
25044
17444
19528
30355
32703
7044
29708
12770
326
6872
3990
8940
12902
3320
29169
30183
24210
24416
9020
24773
14594
14640
11167
4696
8015
888
2692
7354
27197
18099
11779
24300
16599
401
32413
12733
8642
23802
21294
23533
5835
24911
24861
4499
18114
4339
31958
700
22923
3082
15994
15701
25202
8576
24276
26187
17599
29005
24720
3568
18058
1016
22951
9121
17873
31578
28958
19622
17352
16549
25840
8793
14960
21413
11337
7050
28779
8005
2548
9507
16143
30548
8983
11784
32441
9097
28190
10817
3428
7109
3573
20827
9082
22937
28026
7179
27369
25352
12082
17685
3194
29326
17722
20844
10079
24673
17793
25499
26378
12534
20021
24163
11078
27847
3707
6822
30336
9556
18275
13444
5733
19303
22811
13251
15027
15005
12387
4980
28232
7714
10304
27859
9856
4796
13301
18800
23741
10763
25903
24716
26183
13071
8832
17350
32343
27626
8718
16119
13934
231
31885
28506
16619
31932
27754
22000
18909
3596
3401
26914
21014
17968
12210
27049
16513
13623
5383
32427
7605
1835
10170
23846
11721
1686
956
32402
23658
10309
25401
10946
12076
1100
17282
22796
12830
24651
22091
11433
4769
12015
4886
4190
23674
10427
31983
13660
3365
25096
28762
31078
29036
586
3466
30769
313
150
4819
19472
11689
2401
15202
16849
21857
29067
30252
993
21285
23196
2340
183
23207
27725
29873
4208
6044
18250
11103
7607
17173
5430
29141
21992
8973
23023
31495
9333
10302
27156
5292
32136
7738
10949
30707
15338
8630
32426
4721
5667
20777
1079
23390
28387
27542
2350
2306
1184
20901
22373
14954
17537
7417
16073
26975
17531
16830
163
14489
10426
28289
26
29231
30786
7749
23545
19026
9430
4307
21939
14907
18968
7505
10661
1890
26611
4886
15514
19185
7222
7357
17044
3448
8065
22904
17098
19170
2405
8359
7405
29352
8135
9130
29615
14404
13701
25075
8326
18409
23645
9055
5293
13169
28170
27846
19309
11159
12463
8913
12698
22886
6777
20235
9824
27633
30848
15163
31040
11845
31983
22258
2389
14748
30821
7008
27100
6099
17051
24939
12275
27166
5702
24067
19873
26619
25663
14511
7703
19044
25057
28780
1845
30537
22194
696
21584
317
27974
2282
11827
20336
2913
16324
21603
477
30044
11595
31656
26052
16586
22742
30152
3675
23131
18790
1686
26049
8960
15925
2603
18995
26703
21906
20596
2946
15402
5611
20973
23748
28571
3372
8619
3658
13571
31304
16544
9171
11636
13588
13851
6911
25947
18524
4494
30215
1122
29233
14740
24234
13460
32384
11314
30059
1218
12265
5213
8441
18982
10957
22717
29167
17735
5801
1969
28349
3612
27043
17555
23526
2932
4707
6717
21613
31126
29732
22220
18057
17444
26891
21668
10400
14149
16055
21684
31347
19458
24857
19963
26263
5105
10118
22090
6180
2065
30730
2124
6321
16118
13568
2757
19071
20006
10463
7447
21236
23234
25687
19722
2379
7529
17053
14796
15755
23897
2051
2103
27573
9943
20171
27731
12098
16594
13885
27676
2764
9667
2039
16261
22540
983
18309
29116
29700
2128
24625
10160
31613
31272
25884
12241
11188
26616
6030
16150
15185
27929
10123
32581
16280
21001
25255
21103
29155
3088
17691
28601
26960
24611
8471
15715
7351
11528
20570
3074
16607
8379
9217
5904
22257
23825
1692
28327
32556
20379
1159
11914
25563
16589
11896
9829
20612
24159
2644
22358
18787
17652
1607
27307
14102
19706
8723
1518
31386
7889
17064
8223
32118
21039
25590
15424
4662
7363
7423
11543
14619
21528
10800
17967
7441
18109
29169
7712
23777
12451
14203
17936
29864
20166
28649
6778
23432
22031
28050
4398
10653
20857
21911
10393
23091
11124
5048
23623
32310
26247
16492
17062
29417
18744
11568
14349
28891
304
2847
15100
1816
411
24515
23974
22172
8398
15403
28844
8717
14636
27197
19244
1449
20810
1102
21498
27517
3921
10992
12333
4055
31652
19723
15070
10751
22211
13872
10796
3362
1648
22313
1411
21903
24080
31957
20767
30246
18003
26931
4811
14860
2071
700
5103
3748
16010
3574
1225
10683
13455
9542
25851
24579
12644
25349
21830
16323
30849
29143
13973
17356
195
30520
14909
12975
9929
3160
18307
32301
24223
14633
23135
14063
10393
9654
16255
26744
19842
30134
20879
29015
9718
609
7096
11169
28941
26242
1382
31134
32314
4302
27471
2755
11890
20596
18865
27872
4240
4085
23514
15771
7416
12854
21742
4125
21626
17876
5605
23307
18042
695
1235
696
16974
17898
26988
21401
14312
32681
29383
249
2997
18364
19042
31725
25028
3076
22631
13963
9259
3412
7469
10071
18599
7810
17410
8446
6530
22973
21288
21063
1466
16416
7453
582
15455
30600
22303
23763
5949
6819
30960
25402
6331
20298
18903
21812
259
5905
16103
9750
15971
3612
3715
21065
15603
3124
7458
10490
22905
23577
10064
24082
31625
32026
19702
30825
6897
8932
25050
28726
13396
26520
10089
4555
28948
25632
21429
30847
1653
8898
2490
13803
4096
8181
9957
31065
26918
19828
2519
19321
18982
19346
13926
12886
11313
19661
31460
20873
14539
22437
31396
23212
18548
23215
16827
25106
13448
18149
17924
27573
100
9280
31079
17520
7626
21641
20826
31599
20615
30828
26535
4067
30034
10958
6256
9978
12280
1632
16753
24078
17590
10612
1670
3357
8422
11280
16237
3449
22239
15425
29388
22720
4374
21682
630
5135
16521
16765
27882
23411
2653
26433
18461
24992
14533
117
22905
14310
13095
17660
28453
21088
16762
12281
24199
7279
7923
22500
19463
12646
8160
3294
8214
3463
28372
12609
19823
19247
9476
124
19613
16461
16881
14366
28862
4120
17991
22320
31110
1282
30213
26568
1671
18151
1503
1755
20399
16779
14305
7763
18194
20291
11092
1377
2025
31730
25573
31509
14043
29751
19460
12076
14204
29925
13963
19753
23316
20148
9120
15783
27809
21046
19676
4589
15903
14348
15533
19907
6918
22873
29944
900
17429
19575
26883
30325
22606
14825
20115
14165
20290
32145
2641
28469
26766
26659
15218
19594
13478
13530
10903
18049
6865
1898
8178
10898
117
1589
25771
10328
30101
25793
29570
20384
2712
29290
7349
13504
13132
340
8484
12074
23338
14756
2227
26176
3804
11504
14320
8298
24316
15859
2294
2150
24607
12422
27537
23776
27666
30156
20642
15939
2147
2220
25797
3790
5667
28292
24114
6378
12011
12315
25057
28603
21277
24280
17394
15861
19820
31282
10059
30449
28575
18792
16515
7680
3217
32114
16383
6143
21373
12087
10074
15147
28792
3584
3594
4407
5695
21037
6465
32668
21811
18471
11026
18993
25506
1941
3285
9211
15176
10963
6348
16966
12310
6815
9991
9716
25650
16918
16772
3862
15678
16096
25499
20153
16093
24999
18585
27394
28275
4813
3500
18814
9261
28510
11007
21427
27970
12867
2085
18939
25464
15801
12219
14482
7657
22786
26185
17133
7943
30298
10346
14669
25566
5421
21549
11413
30873
5255
442
29784
13896
2508
20281
23351
3552
28585
9199
25962
1155
16714
11946
26012
17666
21966
9056
21500
27297
4088
31763
7057
26906
13863
16631
20941
13796
1672
7127
3174
5812
23434
15029
18785
14661
29842
17841
7536
30805
14065
27692
7293
29168
31507
19756
12423
21232
14840
16130
21165
31685
12008
14891
23176
25202
16739
27509
22462
21976
19288
12642
10708
1591
3991
2257
19012
30450
29831
11483
31952
15762
22300
28156
23061
12814
2564
1139
26723
29770
21793
25067
14028
27357
2364
18010
11899
7959
31736
7210
3656
6723
4
24471
17545
10281
11669
5464
6954
8919
3860
5249
27136
11169
1555
10152
17242
30055
31878
18758
20185
1046
13872
32609
18050
1393
22107
6760
18962
10002
28108
23391
31889
3499
9462
17723
8234
20882
22126
7568
9274
9341
11679
24681
22951
1162
7615
11127
16755
8322
17666
25711
10641
20830
4109
7853
3063
19722
12717
1053
25588
30314
17097
17755
28100
28315
7829
21785
1122
19323
20233
29378
4509
5995
7570
18524
17518
32339
7175
8115
393
19431
14814
29364
16946
7977
14752
23319
21842
30511
6810
9537
14026
32039
19158
2664
28935
12184
13641
22008
15574
21227
78
31285
21370
19241
4179
22562
9981
17158
8914
16034
29891
17439
5508
25822
26213
9344
11729
25574
13500
28009
29834
29595
315
8018
31194
28364
22914
30508
5498
25247
6449
6378
30501
11571
7674
17216
6988
28547
507
28842
30730
22158
20554
2481
30298
32693
26577
3178
2952
31844
92
19775
1765
14580
1520
13553
26559
19152
15967
8158
20368
27095
27929
17024
25718
6402
26949
14135
14307
16967
23056
6472
1430
18877
3397
20773
24266
23552
7199
30191
5549
31703
21083
26681
32019
4884
2960
2575
20588
2748
31427
14390
22515
11880
4150
26806
7465
24299
29058
4758
17282
22581
14309
17127
22878
3704
26845
772
13626
26249
23798
29719
13096
19848
2272
17375
26236
29635
23748
24241
5065
11992
11736
701
1804
18202
24114
6291
6694
13366
14042
29926
32656
3351
10274
26511
9546
12038
25658
15316
17428
24598
2047
3563
28385
28863
17940
6586
13961
8393
18484
26337
13758
19307
15046
30202
6465
7861
14002
21279
30805
25131
32116
12717
4469
4275
15215
30024
16194
18865
17539
19488
14783
23920
32481
15986
30656
30916
28702
22353
17568
13293
8327
19110
24115
2239
18613
15478
12027
29696
32097
3427
30879
17938
19833
20598
664
26321
1650
19995
8494
4287
4833
14445
10403
18271
10053
29876
8366
3294
12583
7724
19499
6904
15462
9737
22800
8986
17100
13495
19619
22980
6628
12390
32746
20786
29456
3270
16483
26427
8662
18447
26870
19065
7291
14661
1832
23210
27347
5050
24721
26710
30551
17364
27792
6067
30328
2320
5693
27333
22579
28999
23199
14025
30694
6449
5920
2260
32354
22055
7229
15800
10817
11565
22658
20775
29306
15151
12214
10267
14130
29323
21075
23156
29909
20944
10553
16355
11622
30661
10658
17416
31763
14510
9561
17879
1805
6346
27431
1600
17302
20512
19342
27151
16476
15228
21946
4881
27141
24244
24757
5240
32267
23599
13530
18048
8138
1448
27020
32083
17367
27184
19240
10026
26004
1394
23863
5558
15105
29755
19689
30398
23253
21050
26559
16393
2254
9476
27271
4734
