1
1
2
2
3
3
4
4
5
5
5
5
5
6
6
7
7
7
7
7
9
9
11
12
14
15
15
15
16
16
17
18
19
21
22
26
28
29
31
32
33
35
36
36
37
37
37
39
42
42
42
42
43
44
46
48
49
49
51
52
52
52
52
53
53
54
55
56
56
57
58
61
61
61
61
62
62
64
65
68
71
71
74
76
76
77
78
82
82
84
85
86
86
86
87
88
89
92
92
93
93
95
96
99
102
103
104
106
107
107
108
108
109
109
112
112
113
114
114
115
116
116
119
121
122
123
125
127
127
127
132
132
132
133
137
137
138
139
139
139
141
142
144
146
146
147
148
151
152
152
156
162
167
171
171
171
172
172
172
173
177
178
179
181
182
182
183
183
185
186
187
188
191
191
192
192
195
196
196
196
197
198
199
199
203
203
208
208
209
214
216
216
217
219
221
222
223
223
224
226
227
227
228
231
232
232
233
236
237
242
244
246
249
251
251
254
254
262
263
266
269
269
271
271
272
276
277
277
282
283
285
288
292
294
295
296
298
299
301
301
302
303
304
304
304
305
305
306
306
306
307
308
311
313
316
319
321
322
324
324
324
329
329
333
337
341
341
342
342
343
345
345
346
346
348
349
351
351
353
356
358
359
361
365
365
365
368
368
372
372
373
375
377
378
381
381
383
383
385
386
387
387
388
388
389
389
392
393
394
399
401
401
401
403
403
404
408
408
412
412
415
415
415
416
417
418
419
419
421
421
421
424
425
425
426
427
427
428
429
431
432
432
432
432
436
436
437
438
442
442
443
444
444
446
449
451
452
452
453
456
457
458
459
461
462
462
463
464
466
466
467
468
469
472
472
473
473
476
476
477
477
477
481
484
484
486
495
498
498
501
501
502
504
505
505
506
507
511
512
512
512
512
512
513
514
515
516
516
517
517
517
517
519
522
524
527
528
528
528
529
531
531
532
532
532
535
535
536
537
539
541
549
552
552
553
556
557
557
558
561
561
561
561
562
562
563
563
564
567
568
569
571
574
576
577
578
579
579
579
581
581
587
591
593
594
596
597
599
599
601
602
603
603
604
605
605
607
608
609
611
613
613
613
613
613
614
616
618
621
622
623
623
624
628
629
631
631
632
635
636
637
649
651
651
656
659
661
661
663
663
665
666
669
669
672
672
675
676
676
676
676
679
679
681
681
682
683
685
688
688
689
691
692
692
696
696
697
698
702
702
704
705
705
705
707
711
711
713
715
716
717
718
718
719
719
722
723
725
729
732
734
735
736
738
738
739
741
747
751
753
754
754
756
757
761
761
764
767
768
769
771
773
774
775
778
781
781
782
785
791
792
793
796
796
796
797
801
802
803
804
805
805
809
811
812
813
814
816
817
818
819
822
822
823
829
829
831
831
831
833
835
835
836
837
837
838
841
842
842
844
848
848
851
853
857
862
863
864
867
867
867
867
869
869
871
875
879
881
883
883
884
884
887
888
888
888
889
891
893
894
898
906
908
911
912
912
914
918
918
919
922
926
926
926
929
933
934
934
939
939
942
942
943
945
945
948
949
952
952
952
953
953
958
959
962
962
963
965
966
971
971
971
972
973
973
973
978
979
981
982
983
989
992
993
1001
1003
1007
1009
1011
1011
1018
1024
1026
1031
1031
1032
1041
1042
1043
1044
1045
1048
1053
1055
1058
1058
1061
1061
1068
1071
1081
1081
1081
1081
1085
1087
1089
1092
1092
1093
1099
1099
1103
1103
1106
1109
1111
1113
1118
1121
1121
1125
1126
1129
1131
1138
1139
1141
1141
1143
1145
1157
1165
1165
1167
1171
1172
1173
1174
1179
1182
1182
1183
1184
1187
1191
1196
1197
1198
1202
1208
1213
1213
1214
1214
1219
1221
1225
1229
1232
1236
1239
1242
1245
1246
1248
1249
1249
1251
1251
1251
1251
1252
1261
1264
1265
1268
1273
1274
1277
1279
1281
1286
1291
1293
1297
1301
1307
1311
1312
1312
1321
1321
1323
1333
1334
1336
1341
1343
1348
1349
1351
1353
1355
1358
1361
1361
1362
1367
1367
1368
1373
1376
1377
1382
1386
1388
1389
1394
1394
1403
1413
1414
1416
1418
1421
1422
1423
1425
1427
1439
1442
1447
1447
1448
1451
1451
1453
1461
1462
1462
1465
1467
1467
1471
1478
1481
1488
1491
1491
1492
1492
1501
1502
1502
1502
1507
1512
1512
1513
1516
1517
1521
1523
1528
1533
1533
1537
1541
1543
1545
1547
1551
1558
1561
1562
1568
1575
1577
1582
1589
1592
1596
1599
1603
1603
1612
1616
1616
1623
1625
1627
1629
1631
1631
1639
1641
1642
1647
1658
1659
1659
1659
1661
1662
1662
1663
1669
1671
1673
1679
1681
1682
1683
1687
1696
1702
1706
1706
1712
1713
1713
1713
1719
1722
1723
1725
1728
1731
1732
1733
1741
1742
1743
1744
1747
1748
1757
1761
1762
1763
1765
1771
1777
1778
1789
1798
1798
1801
1802
1803
1813
1813
1813
1818
1821
1822
1824
1829
1829
1829
1832
1834
1834
1835
1836
1842
1844
1847
1847
1848
1849
1854
1858
1858
1859
1859
1861
1862
1865
1872
1872
1884
1884
1884
1899
1901
1905
1908
1917
1919
1919
1922
1922
1926
1926
1927
1932
1932
1935
1938
1951
1954
1959
1964
1964
1972
1974
1977
1979
1983
1985
1986
1987
1989
1993
1993
1999
1999
1999
2001
2002
2002
2006
2009
2011
2014
2018
2021
2021
2021
2024
2025
2026
2034
2034
2036
2039
2039
2041
2042
2046
2049
2051
2052
2056
2056
2062
2063
2065
2068
2072
2074
2075
2078
2091
2098
2102
2103
2112
2113
2113
2122
2128
2129
2136
2141
2143
2153
2155
2163
2163
2165
2172
2177
2178
2181
2182
2185
2191
2193
2194
2199
2206
2209
2211
2211
2211
2211
2215
2222
2223
2225
2227
2227
2228
2228
2229
2231
2232
2232
2234
2236
2238
2238
2241
2242
2242
2242
2245
2248
2248
2251
2251
2252
2252
2253
2262
2268
2276
2276
2277
2279
2286
2287
2289
2302
2302
2303
2315
2318
2322
2323
2325
2325
2332
2338
2341
2351
2357
2361
2372
2373
2377
2381
2382
2387
2388
2391
2391
2392
2392
2398
2402
2402
2403
2406
2407
2413
2414
2416
2418
2421
2421
2424
2425
2431
2431
2438
2438
2442
2447
2449
2452
2456
2458
2459
2461
2461
2464
2468
2472
2472
2473
2481
2481
2488
2498
2498
2498
2499
2501
2502
2503
2508
2509
2511
2512
2521
2523
2524
2529
2536
2539
2549
2549
2552
2553
2553
2554
2561
2562
2562
2568
2569
2571
2577
2587
2591
2592
2595
2602
2611
2614
2622
2624
2624
2625
2626
2627
2628
2632
2632
2633
2637
2638
2639
2647
2649
2649
2654
2658
2661
2664
2666
2668
2681
2683
2693
2693
2695
2696
2696
2697
2698
2699
2702
2708
2711
2712
2713
2717
2719
2719
2721
2722
2722
2726
2729
2731
2732
2733
2739
2742
2742
2745
2746
2749
2749
2753
2753
2754
2755
2761
2761
2762
2762
2765
2767
2773
2781
2786
2792
2794
2796
2802
2802
2803
2804
2808
2809
2809
2812
2812
2817
2821
2822
2822
2826
2831
2831
2832
2839
2842
2843
2851
2853
2854
2857
2857
2861
2864
2866
2871
2871
2873
2875
2881
2886
2887
2891
2891
2892
2897
2898
2903
2903
2903
2906
2911
2912
2914
2917
2919
2921
2924
2925
2932
2932
2945
2947
2949
2951
2961
2962
2967
2967
2971
2971
2974
2974
2982
2984
2986
2991
2991
3009
3012
3012
3012
3013
3015
3021
3023
3025
3042
3051
3051
3054
3058
3061
3062
3062
3067
3072
3073
3074
3077
3082
3083
3084
3088
3088
3089
3089
3091
3092
3097
3099
3101
3102
3103
3103
3105
3111
3112
3115
3121
3121
3124
3125
3125
3135
3136
3137
3137
3137
3141
3141
3143
3145
3152
3156
3161
3162
3163
3164
3172
3181
3184
3184
3192
3192
3194
3196
3198
3199
3203
3207
3208
3211
3213
3217
3223
3225
3228
3232
3246
3246
3247
3252
3252
3257
3264
3272
3276
3278
3281
3282
3283
3285
3287
3296
3297
3298
3301
3303
3309
3313
3313
3316
3321
3322
3322
3324
3327
3328
3332
3332
3333
3334
3339
3342
3344
3351
3351
3364
3367
3371
3375
3379
3381
3384
3386
3391
3392
3392
3393
3394
3397
3397
3401
3405
3408
3413
3416
3423
3425
3433
3436
3437
3438
3438
3442
3448
3454
3454
3462
3462
3479
3486
3491
3497
3499
3501
3501
3502
3509
3515
3523
3523
3531
3531
3531
3532
3532
3535
3536
3541
3545
3547
3549
3552
3554
3561
3561
3562
3569
3573
3578
3584
3584
3587
3591
3591
3592
3594
3595
3602
3603
3603
3613
3613
3615
3615
3618
3621
3622
3622
3634
3637
3641
3643
3646
3653
3659
3666
3672
3672
3673
3677
3677
3691
3691
3692
3692
3698
3701
3703
3703
3704
3712
3713
3713
3715
3724
3725
3737
3742
3742
3747
3753
3753
3754
3758
3769
3771
3782
3784
3793
3797
3798
3798
3798
3799
3801
3801
3802
3802
3802
3805
3812
3815
3819
3821
3821
3821
3823
3827
3829
3835
3835
3851
3852
3861
3861
3861
3862
3865
3866
3872
3873
3873
3881
3883
3884
3893
3898
3906
3912
3915
3916
3917
3918
3921
3922
3923
3925
3925
3927
3928
3931
3933
3935
3937
3938
3939
3941
3949
3952
3954
3961
3962
3962
3965
3967
3968
3968
3968
3978
3979
3982
3982
3991
3993
3995
3995
3995
3996
4004
4009
4012
4013
4017
4022
4023
4025
4028
4031
4032
4034
4038
4041
4043
4052
4059
4061
4061
4062
4062
4069
4071
4073
4081
4081
4082
4083
4084
4084
4087
4093
4094
4095
4095
4096
4097
4102
4104
4111
4121
4123
4123
4123
4125
4126
4126
4128
4132
4139
4143
4143
4143
4144
4152
4159
4161
4171
4172
4173
4177
4181
4185
4187
4187
4187
4194
4198
4202
4205
4211
4212
4213
4213
4215
4217
4222
4223
4226
4227
4229
4231
4238
4239
4242
4249
4251
4253
4265
4271
4272
4274
4275
4277
4278
4282
4282
4288
4289
4291
4295
4298
4301
4301
4301
4301
4303
4309
4311
4313
4313
4318
4319
4321
4323
4326
4328
4341
4342
4345
4348
4348
4354
4354
4361
4362
4374
4379
4379
4381
4388
4389
4391
4393
4394
4395
4396
4397
4403
4406
4407
4409
4413
4421
4431
4439
4443
4444
4451
4458
4461
4461
4461
4461
4462
4465
4466
4466
4471
4472
4472
4478
4481
4482
4483
4487
4491
4492
4496
4501
4502
4506
4521
4521
4522
4522
4531
4533
4535
4536
4537
4542
4542
4544
4544
4549
4551
4555
4561
4565
4565
4569
4575
4582
4588
4591
4591
4592
4596
4601
4602
4608
4612
4615
4615
4616
4616
4619
4621
4621
4624
4625
4626
4627
4627
4629
4631
4631
4632
4634
4638
4641
4642
4642
4645
4647
4651
4652
4654
4662
4662
4664
4672
4674
4677
4682
4689
4693
4693
4693
4701
4703
4706
4713
4717
4721
4723
4725
4729
4729
4731
4734
4736
4736
4737
4737
4737
4738
4741
4742
4742
4747
4749
4751
4753
4757
4759
4761
4762
4767
4768
4772
4772
4775
4782
4792
4803
4803
4811
4812
4812
4814
4817
4823
4824
4826
4826
4829
4832
4833
4834
4835
4837
4837
4838
4841
4842
4848
4848
4848
4852
4853
4857
4871
4877
4878
4882
4884
4884
4886
4891
4892
4897
4898
4899
4902
4904
4906
4907
4911
4911
4912
4912
4912
4913
4913
4914
4915
4915
4915
4922
4922
4923
4923
4924
4927
4927
4927
4931
4931
4931
4932
4937
4944
4944
4948
4952
4953
4955
4958
4964
4966
4971
4974
4979
4981
4981
4982
4984
4986
4986
4988
4997
5001
5008
5012
5012
5013
5015
5016
5017
5022
5022
5024
5028
5032
5033
5034
5036
5041
5042
5046
5047
5052
5052
5053
5055
5057
5057
5058
5062
5065
5067
5069
5073
5081
5081
5082
5085
5085
5088
5091
5092
5095
5095
5096
5097
5098
5101
5102
5103
5106
5108
5108
5108
5109
5109
5115
5118
5118
5121
5125
5138
5141
5143
5146
5147
5161
5161
5162
5163
5164
5167
5168
5172
5173
5173
5174
5176
5177
5178
5186
5187
5192
5193
5195
5198
5202
5203
5204
5212
5213
5214
5215
5221
5221
5222
5224
5231
5231
5232
5236
5238
5243
5245
5249
5254
5261
5266
5267
5271
5272
5281
5281
5286
5288
5289
5292
5303
5306
5315
5318
5321
5327
5328
5328
5338
5347
5351
5351
5358
5361
5362
5362
5363
5369
5371
5371
5378
5378
5381
5381
5381
5381
5382
5383
5385
5387
5396
5402
5403
5403
5403
5412
5417
5422
5422
5424
5432
5435
5435
5445
5454
5457
5457
5459
5461
5462
5472
5478
5481
5481
5481
5481
5488
5491
5492
5495
5503
5504
5504
5505
5507
5508
5509
5511
5511
5512
5514
5515
5517
5518
5519
5521
5522
5523
5525
5528
5531
5535
5543
5551
5551
5554
5555
5557
5557
5561
5566
5568
5568
5571
5571
5572
5577
5578
5581
5586
5592
5592
5592
5592
5602
5605
5608
5608
5617
5618
5633
5635
5638
5638
5641
5646
5646
5646
5647
5647
5652
5663
5664
5667
5667
5671
5672
5672
5674
5675
5677
5681
5686
5688
5694
5695
5704
5713
5715
5717
5724
5726
5734
5741
5741
5742
5748
5749
5751
5752
5753
5754
5757
5762
5763
5772
5772
5775
5782
5791
5801
5802
5802
5804
5808
5812
5813
5814
5814
5823
5824
5826
5828
5832
5838
5839
5847
5848
5851
5851
5856
5857
5862
5864
5867
5867
5868
5871
5873
5873
5883
5883
5888
5891
5891
5891
5893
5902
5902
5911
5911
5912
5912
5918
5922
5923
5937
5939
5941
5943
5944
5944
5949
5963
5965
5965
5975
5977
5982
5989
5991
5992
5994
5995
5995
5996
6003
6005
6007
6008
6009
6021
6032
6032
6033
6037
6037
6038
6057
6058
6061
6061
6065
6066
6067
6082
6086
6097
6101
6101
6103
6104
6112
6114
6116
6117
6123
6123
6128
6134
6135
6138
6138
6142
6145
6146
6147
6151
6162
6162
6167
6171
6172
6173
6178
6179
6179
6181
6184
6186
6194
6195
6198
6204
6205
6213
6216
6217
6224
6225
6231
6232
6238
6241
6241
6242
6242
6245
6246
6251
6251
6252
6255
6258
6265
6267
6267
6268
6269
6285
6292
6292
6295
6296
6301
6301
6302
6302
6305
6305
6308
6309
6312
6312
6313
6323
6329
6331
6341
6341
6342
6351
6357
6367
6371
6375
6375
6377
6378
6378
6379
6379
6386
6388
6391
6392
6392
6394
6398
6398
6401
6403
6405
6406
6413
6413
6414
6417
6421
6422
6429
6431
6435
6436
6441
6448
6451
6459
6468
6468
6471
6482
6482
6483
6485
6485
6491
6492
6492
6495
6496
6499
6501
6505
6506
6506
6509
6512
6513
6513
6521
6522
6526
6526
6529
6533
6534
6534
6535
6541
6542
6544
6552
6557
6558
6559
6559
6561
6563
6565
6566
6572
6573
6574
6575
6577
6581
6584
6588
6589
6592
6606
6611
6613
6622
6622
6622
6627
6631
6631
6632
6633
6638
6641
6643
6648
6651
6654
6657
6668
6671
6672
6674
6676
6681
6682
6689
6695
6702
6703
6704
6706
6711
6723
6723
6726
6727
6729
6734
6747
6749
6749
6756
6756
6758
6759
6766
6769
6771
6782
6783
6788
6801
6802
6803
6808
6819
6826
6828
6829
6831
6832
6834
6835
6835
6841
6842
6845
6847
6848
6849
6851
6853
6853
6854
6855
6856
6861
6861
6862
6869
6876
6884
6884
6885
6886
6889
6891
6894
6895
6898
6901
6901
6901
6902
6903
6903
6904
6904
6905
6907
6912
6912
6913
6917
6919
6919
6924
6924
6926
6929
6934
6935
6936
6941
6942
6945
6946
6949
6953
6956
6957
6957
6957
6962
6964
6968
6971
6972
6974
6981
6985
6987
6989
6998
7002
7011
7022
7026
7026
7031
7032
7034
7044
7047
7049
7051
7051
7052
7052
7058
7059
7061
7065
7067
7071
7073
7074
7075
7081
7082
7083
7087
7097
7099
7101
7102
7102
7106
7108
7113
7123
7128
7129
7134
7138
7141
7147
7147
7147
7148
7149
7154
7161
7166
7171
7171
7171
7173
7175
7176
7178
7179
7182
7185
7186
7191
7203
7212
7213
7217
7217
7218
7222
7224
7231
7232
7234
7236
7238
7241
7243
7251
7253
7253
7253
7263
7275
7275
7276
7278
7285
7285
7286
7291
7296
7298
7299
7299
7302
7302
7312
7312
7313
7313
7314
7317
7322
7331
7333
7334
7337
7338
7346
7348
7349
7352
7352
7354
7356
7359
7364
7364
7365
7371
7379
7381
7381
7388
7392
7392
7394
7397
7402
7403
7404
7405
7411
7412
7412
7413
7413
7415
7421
7423
7424
7425
7431
7436
7447
7449
7462
7467
7468
7471
7481
7482
7482
7482
7482
7484
7491
7493
7495
7495
7497
7501
7502
7503
7506
7507
7513
7522
7522
7523
7524
7525
7526
7531
7532
7533
7537
7541
7546
7551
7551
7555
7557
7561
7561
7565
7567
7572
7584
7586
7588
7591
7591
7592
7592
7597
7599
7602
7603
7604
7606
7611
7618
7623
7626
7627
7627
7634
7637
7646
7647
7648
7651
7655
7665
7665
7669
7672
7681
7686
7687
7692
7694
7697
7699
7711
7711
7717
7721
7727
7731
7733
7737
7744
7759
7769
7771
7771
7772
7774
7776
7778
7791
7792
7797
7797
7799
7801
7801
7802
7802
7814
7814
7819
7822
7824
7828
7829
7831
7833
7841
7843
7844
7847
7858
7859
7859
7861
7861
7862
7862
7862
7863
7866
7869
7872
7881
7882
7884
7885
7887
7892
7892
7896
7899
7899
7903
7909
7912
7913
7913
7914
7915
7926
7931
7933
7935
7937
7941
7947
7947
7947
7954
7955
7958
7962
7965
7972
7975
7977
7985
7985
7985
7986
7987
7988
7991
7991
7992
7997
8001
8003
8004
8006
8007
8011
8012
8014
8024
8034
8042
8049
8052
8055
8061
8072
8074
8083
8085
8089
8091
8092
8095
8096
8101
8103
8107
8107
8108
8109
8113
8113
8114
8121
8122
8123
8128
8129
8131
8135
8143
8144
8144
8146
8151
8152
8154
8158
8159
8162
8167
8169
8175
8178
8178
8179
8181
8182
8184
8193
8194
8195
8196
8198
8201
8206
8206
8207
8211
8212
8221
8222
8228
8232
8233
8241
8242
8242
8242
8242
8243
8246
8247
8256
8261
8261
8262
8266
8268
8271
8275
8282
8283
8292
8294
8297
8301
8304
8305
8306
8309
8312
8313
8313
8318
8319
8321
8323
8323
8324
8326
8328
8334
8336
8336
8337
8338
8345
8347
8353
8358
8358
8361
8361
8373
8377
8381
8382
8382
8386
8389
8392
8393
8395
8401
8403
8405
8408
8408
8413
8415
8422
8422
8425
8425
8429
8429
8431
8432
8432
8433
8436
8441
8442
8442
8442
8443
8443
8444
8446
8447
8448
8452
8461
8462
8468
8472
8472
8473
8481
8483
8483
8486
8491
8504
8505
8507
8512
8518
8518
8525
8532
8533
8537
8538
8541
8546
8547
8549
8551
8551
8552
8552
8552
8554
8554
8555
8558
8559
8563
8565
8566
8572
8574
8582
8583
8585
8587
8587
8588
8593
8597
8606
8611
8611
8612
8623
8623
8624
8632
8632
8638
8639
8646
8653
8657
8657
8659
8673
8674
8685
8688
8691
8701
8709
8711
8713
8713
8718
8721
8726
8732
8736
8736
8737
8738
8738
8741
8741
8742
8749
8761
8761
8764
8768
8772
8775
8776
8781
8782
8784
8795
8799
8803
8803
8804
8806
8811
8813
8819
8822
8832
8833
8837
8839
8841
8843
8852
8854
8856
8862
8863
8886
8896
8896
8901
8907
8909
8922
8926
8928
8928
8932
8933
8933
8934
8935
8938
8938
8942
8942
8944
8945
8952
8965
8968
8971
8971
8973
8976
8976
8981
8982
8982
8983
8988
8991
8992
8994
8995
8998
9002
9006
9012
9013
9014
9015
9017
9019
9022
9031
9032
9038
9042
9046
9054
9055
9055
9061
9067
9072
9075
9078
9085
9088
9089
9089
9091
9092
9101
9102
9104
9115
9122
9122
9123
9127
9135
9139
9142
9143
9145
9146
9152
9156
9162
9168
9171
9176
9179
9182
9184
9186
9187
9191
9192
9193
9195
9198
9201
9202
9202
9211
9215
9217
9217
9221
9221
9225
9225
9225
9226
9227
9234
9239
9244
9244
9247
9251
9253
9255
9256
9257
9263
9264
9266
9269
9278
9278
9281
9283
9287
9289
9289
9292
9293
9298
9299
9302
9311
9316
9318
9321
9321
9322
9327
9327
9328
9332
9332
9334
9341
9341
9341
9344
9344
9346
9352
9357
9363
9369
9369
9369
9372
9373
9375
9384
9392
9392
9392
9395
9397
9398
9401
9402
9403
9404
9406
9414
9416
9422
9422
9425
9429
9437
9441
9442
9443
9446
9446
9447
9447
9454
9454
9455
9456
9465
9465
9467
9469
9472
9474
9477
9492
9495
9495
9495
9495
9497
9499
9502
9511
9513
9516
9517
9523
9526
9529
9538
9538
9539
9541
9541
9544
9546
9552
9553
9553
9554
9559
9562
9567
9567
9571
9573
9578
9578
9582
9594
9595
9597
9609
9611
9612
9614
9619
9621
9622
9622
9627
9628
9631
9631
9632
9636
9639
9641
9644
9644
9647
9647
9652
9653
9654
9656
9658
9666
9668
9669
9671
9671
9672
9673
9674
9675
9675
9681
9681
9682
9685
9686
9688
9689
9691
9699
9701
9703
9707
9708
9714
9716
9717
9723
9727
9731
9732
9738
9741
9742
9748
9748
9759
9761
9763
9772
9774
9775
9775
9776
9777
9778
9781
9787
9788
9791
9793
9794
9797
9798
9799
9801
9802
9805
9807
9811
9821
9821
9821
9822
9822
9824
9832
9838
9839
9841
9844
9846
9846
9847
9848
9851
9851
9854
9866
9884
9885
9885
9887
9887
9889
9896
9897
9901
9905
9906
9907
9909
9911
9912
9915
9917
9918
9919
9922
9922
9923
9927
9933
9936
9938
9943
9944
9946
9951
9953
9956
9965
9965
9975
9988
9992
9996
9997
10002
10012
10013
10041
10042
10042
10051
10052
10103
10111
10113
10121
10132
10181
10182
10223
10241
10251
10262
10302
10303
10312
10323
10331
10382
10402
10412
10421
10452
10461
10462
10491
10503
10513
10522
10542
10551
10562
10571
10581
10601
10603
10622
10631
10631
10682
10703
10731
10732
10751
10772
10811
10813
10832
10832
10841
10851
10851
10902
10903
10952
10961
11012
11013
11021
11022
11042
11062
11071
11072
11081
11162
11182
11191
11191
11222
11222
11232
11321
11322
11331
11342
11351
11362
11371
11401
11402
11421
11432
11481
11492
11503
11521
11521
11531
11541
11551
11562
11603
11612
11642
11642
11661
11662
11671
11672
11682
11722
11741
11752
11761
11772
11772
11792
11812
11822
11822
11832
11842
11861
11861
11892
11902
11912
11912
11931
11941
11942
11962
12002
12041
12042
12052
12061
12102
12111
12113
12121
12123
12123
12161
12161
12172
12182
12211
12213
12232
12262
12302
12322
12362
12382
12391
12401
12422
12442
12461
12472
12511
12512
12551
12561
12562
12571
12591
12602
12621
12651
12651
12652
12662
12692
12701
12711
12722
12731
12731
12732
12742
12742
12752
12752
12772
12772
12782
12791
12801
12803
12821
12832
12842
12861
12861
12862
12882
12941
12951
12951
12972
12972
13021
13022
13052
13052
13062
13103
13113
13132
13151
13152
13192
13221
13242
13262
13271
13292
13301
13311
13323
13332
13351
13352
13361
13371
13372
13452
13452
13472
13482
13482
13491
13531
13541
13542
13552
13571
13571
13571
13602
13602
13603
13621
13621
13622
13631
13632
13642
13651
13652
13661
13662
13671
13702
13713
13732
13762
13772
13801
13801
13802
13811
13813
13813
13822
13881
13891
13892
13892
13892
13902
13911
13931
13962
13991
14001
14003
14031
14031
14032
14042
14052
14061
14071
14072
14082
14092
14111
14112
14123
14172
14182
14192
14202
14202
14221
14221
14222
14231
14231
14242
14251
14262
14291
14301
14311
14322
14323
14331
14342
14342
14352
14413
14423
14432
14471
14471
14502
14503
14503
14511
14511
14522
14541
14571
14601
14601
14612
14612
14613
14622
14631
14632
14651
14652
14671
14671
14672
14702
14712
14732
14802
14811
14813
14821
14852
14852
14861
14871
14891
14892
14901
14902
14903
14912
14931
14972
14981
14982
14982
14982
15003
15013
15031
15071
15091
15091
15101
15103
15123
15132
15151
15151
15152
15152
15161
15172
15181
15213
15231
15232
15291
15292
15301
15332
15382
15392
15403
15413
15413
15421
15431
15441
15442
15451
15452
15462
15471
15472
15492
15503
15541
15631
15642
15642
15642
15671
15681
15701
15703
15713
15721
15742
15762
15771
15782
15792
15802
15811
15812
15813
15821
15822
15831
15852
15911
15911
15922
15922
15932
15961
15971
15971
15972
15982
16002
16022
16022
16032
16042
16082
16092
16192
16192
16202
16203
16221
16223
16261
16262
16302
16302
16302
16331
16341
16342
16361
16361
16412
16441
16452
16461
16481
16502
16502
16511
16513
16522
16591
16601
16603
16603
16603
16641
16641
16641
16661
16662
16672
16681
16682
16691
16691
16711
16721
16722
16722
16741
16742
16752
16791
16801
16821
16842
16851
16851
16852
16912
16931
16942
16952
16971
17001
17011
17023
17031
17042
17062
17071
17072
17082
17091
17091
17092
17102
17111
17113
17121
17141
17181
17192
17221
17241
17241
17242
17261
17261
17272
17272
17281
17281
17292
17302
17321
17392
17402
17411
17413
17441
17442
17442
17471
17472
17481
17511
17531
17532
17571
17582
17642
17711
17721
17751
17752
17771
17792
17821
17851
17871
17872
17913
17913
17921
17922
17922
17931
17941
17951
17951
17951
17972
17991
18011
18013
18031
18062
18082
18162
18181
18191
18201
18202
18221
18241
18242
18251
18302
18312
18312
18321
18323
18403
18403
18411
18412
18421
18423
18441
18442
18451
18452
18452
18471
18521
18521
18522
18523
18532
18541
18601
18601
18602
18611
18611
18611
18612
18623
18642
18651
18662
18672
18711
18713
18713
18721
18722
18772
18811
18851
18861
18871
18902
18903
18921
18922
18941
18981
18992
19001
19021
19022
19032
19051
19072
19082
19103
19111
19121
19171
19182
19182
19202
19203
19203
19222
19251
19252
19252
19262
19262
19271
19271
19291
19313
19321
19331
19332
19412
19431
19442
19472
19481
19503
19511
19521
19523
19523
19581
19662
19671
19671
19692
19692
19702
19702
19742
19742
19782
19832
19832
19841
19841
19862
19862
19882
19892
19892
19901
19911
19932
19932
19971
19982
19992
20001
20022
20031
20041
20071
20092
20101
20103
20121
20141
20141
20142
20192
20202
20202
20203
20211
20241
20251
20251
20252
20252
20261
20281
20301
20302
20331
20341
20371
20422
20423
20451
20452
20461
20471
20472
20481
20512
20542
20571
20591
20613
20621
20651
20652
20691
20692
20751
20771
20782
20782
20782
20791
20792
20812
20812
20813
20832
20841
20921
20921
21021
21022
21061
21062
21071
21072
21081
21091
21102
21102
21112
21141
21141
21172
21181
21182
21191
21232
21232
21261
21262
21303
21311
21323
21341
21341
21372
21372
21381
21401
21403
21411
21413
21423
21431
21431
21472
21501
21502
21502
21552
21561
21571
21592
21601
21602
21603
21611
21613
21622
21632
21691
21692
21701
21703
21713
21713
21721
21732
21752
21762
21762
21811
21812
21813
21831
21942
21962
21972
21991
22021
22023
22091
22162
22171
22172
22202
22202
22211
22213
22262
22291
22301
22321
22331
22331
22332
22341
22341
22342
22342
22391
22402
22421
22423
22431
22472
22472
22472
22503
22541
22542
22582
22611
22612
22612
22613
22621
22622
22623
22641
22662
22662
22681
22691
22713
22741
22741
22742
22752
22771
22772
22791
22791
22812
22841
22842
22851
22852
22862
22872
22931
22952
22971
22981
22982
22991
23002
23012
23012
23041
23061
23072
23091
23092
23101
23113
23123
23123
23131
23141
23151
23152
23162
23181
23192
23201
23212
23212
23213
23232
23251
23251
23282
23323
23351
23362
23411
23413
23423
23423
23432
23432
23441
23452
23461
23471
23491
23503
23523
23551
23592
23611
23621
23642
23652
23701
23772
23772
23791
23792
23811
23821
23851
23871
23913
23922
23931
23942
23961
23991
24002
24013
24013
24023
24041
24071
24081
24082
24091
24101
24141
24192
24211
24241
24252
24262
24262
24271
24271
24281
24301
24303
24313
24332
24332
24351
24351
24352
24361
24391
24411
24411
24413
24413
24451
24471
24502
24511
24511
24522
24522
24531
24542
24542
24572
24592
24602
24603
24613
24621
24621
24651
24681
24691
24691
24701
24712
24713
24721
24722
24723
24731
24732
24771
24772
24781
24782
24791
24791
24792
24801
24801
24802
24812
24812
24862
24882
24891
24892
24912
24912
24941
24941
24951
24962
24992
25002
25032
25041
25052
25062
25062
25072
25101
25103
25111
25131
25141
25172
25191
25192
25203
25203
25211
25211
25213
25222
25241
25282
25292
25311
25312
25322
25352
25352
25371
25392
25413
25442
25523
25531
25532
25552
25591
25613
25631
25632
25641
25651
25671
25692
25711
25732
25741
25761
25811
25813
25813
25871
25882
25891
25911
25913
25962
25982
25991
26021
26023
26042
26061
26071
26101
26122
26132
26161
26171
26182
26202
26221
26241
26262
26301
26302
26303
26362
26391
26422
26432
26451
26452
26482
26492
26502
26502
26511
26513
26522
26523
26532
26621
26631
26641
26661
26691
26701
26712
26713
26713
26732
26741
26751
26752
26761
26782
26791
26792
26882
26891
26952
26981
26981
26982
26992
27001
27023
27032
27032
27082
27102
27113
27113
27122
27123
27141
27151
27172
27202
27213
27241
27252
27261
27322
27342
27352
27352
27372
27382
27413
27441
27461
27462
27491
27491
27492
27503
27511
27522
27523
27531
27532
27551
27552
27561
27622
27622
27652
27672
27701
27732
27761
27792
27803
27821
27821
27822
27831
27831
27851
27851
27862
27872
27892
27901
27901
27911
27921
27932
27951
28021
28021
28021
28041
28041
28042
28042
28052
28071
28072
28092
28111
28141
28141
28152
28161
28181
28181
28213
28231
28251
28251
28271
28271
28271
28281
28282
28282
28312
28372
28391
28402
28403
28423
28432
28441
28461
28501
28503
28513
28523
28531
28561
28571
28582
28603
28611
28612
28623
28642
28642
28652
28703
28721
28732
28742
28751
28761
28771
28792
28801
28801
28802
28812
28832
28841
28872
28921
28971
28981
28981
28992
29002
29002
29011
29013
29022
29052
29072
29092
29092
29092
29111
29112
29131
29161
29161
29161
29191
29192
29202
29203
29232
29262
29282
29282
29291
29311
29322
29323
29341
29352
29361
29361
29372
29402
29441
29461
29472
29492
29502
29522
29541
29582
29602
29611
29631
29652
29652
29661
29672
29691
29701
29703
29712
29721
29742
29772
29781
29782
29782
29791
29791
29811
29831
29861
29862
29862
29881
29891
29901
29911
29912
29922
29942
29951
29962
29971
29991
30003
30031
30052
30081
30082
30102
30111
30112
30123
30151
30161
30171
30171
30192
30202
30203
30241
30262
30262
30282
30322
30332
30341
30351
30371
30371
30391
30401
30402
30402
30412
30421
30422
30432
30451
30461
30461
30462
30471
30471
30501
30512
30521
30522
30522
30523
30532
30542
30552
30562
30572
30612
30612
30621
30621
30623
30631
30631
30651
30661
30661
30682
30682
30701
30711
30711
30713
30713
30721
30723
30741
30762
30762
30771
30831
30862
30871
30881
30892
30892
30901
30903
30912
30912
30932
30951
30952
30961
30981
30992
31051
31052
31071
31121
31121
31122
31142
31152
31161
31172
31182
31182
31182
31191
31202
31203
31211
31223
31251
31262
31271
31272
31281
31311
31311
31322
31331
31341
31342
31352
31402
31411
31412
31422
31423
31432
31442
31461
31491
31512
31541
31552
31561
31562
31581
31592
31611
31612
31613
31622
31651
31661
31681
31691
31711
31713
31713
31781
31812
31831
31842
31862
31891
31911
31913
31932
31942
31961
31962
31982
32012
32032
32061
32071
32081
32101
32131
32142
32202
32221
32242
32242
32251
32251
32261
32262
32272
32282
32301
32303
32342
32342
32352
32352
32361
32362
32382
32391
32392
32392
32392
32421
32431
32451
32502
32542
32561
32571
32591
32622
32623
32631
32632
32632
32641
32641
32651
32671
32691
32703
32722
32732
32732
32741
32761
32761
32762
32771
32791
32791
32801
32801
32803
32811
32812
32813
32832
32851
32891
32892
32892
32922
32941
32951
32962
32971
32972
32981
33002
33003
33023
33103
33112
33141
33141
33141
33171
33172
33202
33203
33262
33272
33281
33292
33292
33303
33311
33321
33323
33341
33362
33372
33403
33411
33423
33462
33492
33511
33532
33532
33541
33541
33541
33551
33571
33602
33611
33612
33641
33641
33651
33661
33672
33701
33712
33721
33722
33731
33762
33792
33821
33831
33851
33851
33881
33891
33922
33922
33931
33981
33992
34001
34031
34041
34052
34061
34071
34071
34072
34111
34121
34121
34122
34122
34123
34141
34151
34161
34181
34192
34201
34231
34291
34323
34323
34323
34332
34351
34352
34362
34362
34362
34382
34392
34482
34491
34502
34503
34511
34511
34532
34551
34572
34592
34592
34603
34632
34641
34672
34691
34692
34701
34702
34732
34742
34801
34801
34801
34821
34891
34931
34952
34971
34982
34992
35001
35001
35001
35003
35012
35071
35091
35092
35102
35121
35122
35142
35151
35203
35232
35262
35281
35322
35323
35331
35332
35341
35341
35361
35372
35382
35401
35421
35432
35442
35462
35482
35482
35501
35501
35511
35522
35531
35531
35572
35601
35612
35661
35671
35672
35672
35721
35722
35732
35761
35772
35791
35803
35811
35812
35832
35842
35852
35861
35882
35892
35911
35991
36012
36013
36021
36032
36041
36042
36051
36113
36121
36141
36142
36151
36161
36171
36172
36172
36182
36202
36242
36252
36261
36262
36272
36282
36302
36312
36321
36341
36362
36391
36401
36412
36421
36431
36451
36491
36501
36512
36531
36552
36592
36621
36621
36621
36631
36632
36652
36691
36701
36713
36713
36713
36713
36721
36731
36732
36742
36782
36792
36801
36802
36811
36821
36831
36832
36832
36841
36852
36871
36882
36901
36931
36931
36951
36981
36991
36991
36992
37061
37101
37101
37111
37122
37151
37171
37191
37192
37242
37261
37281
37281
37282
37282
37291
37312
37322
37332
37362
37432
37441
37472
37503
37512
37512
37552
37561
37561
37571
37571
37572
37572
37582
37592
37592
37603
37642
37642
37651
37652
37662
37702
37742
37752
37802
37803
37812
37822
37832
37851
37852
37871
37881
37891
37892
37892
37902
37912
37913
37922
37931
37931
37941
37942
37951
37952
37972
37982
38002
38012
38022
38023
38023
38071
38072
38092
38102
38103
38122
38123
38141
38141
38141
38151
38162
38162
38181
38192
38201
38211
38213
38241
38242
38282
38302
38321
38322
38331
38331
38351
38352
38361
38392
38403
38411
38422
38423
38432
38452
38461
38471
38482
38482
38512
38521
38522
38531
38532
38542
38571
38581
38592
38601
38621
38651
38652
38671
38672
38711
38732
38741
38751
38761
38772
38803
38812
38812
38822
38831
38831
38851
38861
38862
38871
38901
38902
38902
38902
38913
38913
38921
38941
38942
38971
38981
39051
39061
39091
39092
39101
39123
39131
39151
39172
39202
39202
39222
39223
39231
39232
39251
39261
39281
39282
39301
39301
39302
39312
39312
39313
39342
39361
39361
39372
39402
39412
39423
39431
39432
39452
39471
39541
39552
39602
39621
39621
39623
39671
39672
39672
39712
39732
39752
39762
39771
39791
39821
39841
39862
39901
39922
39922
39941
39971
39981
40001
40003
40011
40021
40031
40041
40042
40062
40072
40101
40103
40111
40112
40121
40151
40191
40201
40213
40221
40222
40231
40241
40251
40271
40272
40301
40313
40313
40322
40323
40342
40361
40362
40382
40401
40411
40411
40413
40422
40432
40441
40442
40471
40481
40481
40511
40512
40513
40523
40523
40531
40531
40531
40551
40562
40571
40613
40623
40631
40682
40682
40701
40702
40712
40713
40741
40782
40841
40842
40852
40861
40872
40911
40922
40922
40931
40931
41012
41013
41042
41052
41072
41072
41103
41103
41111
41113
41121
41122
41123
41123
41141
41142
41142
41181
41181
41202
41221
41231
41262
41281
41303
41311
41311
41323
41341
41352
41362
41402
41422
41441
41452
41452
41461
41481
41491
41492
41513
41532
41532
41532
41532
41551
41552
41552
41562
41581
41591
41611
41612
41622
41671
41731
41761
41762
41771
41782
41802
41813
41821
41822
41832
41841
41862
41881
41891
41902
41903
41911
41913
41922
41951
41961
41962
41962
41972
41981
42003
42031
42051
42051
42062
42071
42072
42091
42092
42111
42161
42201
42202
42222
42223
42242
42261
42271
42332
42361
42362
42411
42422
42431
42451
42452
42482
42491
42511
42523
42531
42581
42581
42601
42601
42612
42641
42661
42691
42692
42712
42722
42751
42762
42771
42811
42822
42822
42861
42901
42911
42911
42921
42921
42931
42952
42971
42991
43002
43003
43022
43041
43052
43061
43061
43101
43103
43113
43122
43122
43172
43203
43232
43242
43242
43251
43262
43272
43301
43312
43313
43321
43371
43372
43402
43421
43432
43442
43452
43462
43462
43482
43501
43513
43513
43521
43571
43571
43571
43591
43623
43631
43641
43661
43691
43711
43713
43752
43771
43852
43872
43892
43903
43903
43912
43931
43961
43982
44003
44021
44031
44052
44071
44072
44091
44091
44103
44112
44152
44191
44201
44211
44242
44251
44252
44262
44272
44291
44311
44352
44381
44381
44392
44411
44412
44431
44452
44462
44471
44471
44471
44522
44523
44542
44552
44561
44561
44571
44592
44601
44602
44611
44621
44631
44641
44652
44672
44691
44713
44723
44751
44761
44762
44762
44781
44791
44802
44813
44822
44831
44882
44891
44901
44902
44932
44951
44952
44992
45001
45003
45042
45051
45081
45111
45132
45151
45151
45152
45171
45181
45191
45212
45222
45231
45232
45281
45282
45291
45302
45302
45303
45322
45323
45331
45361
45391
45392
45471
45471
45481
45502
45502
45503
45513
45521
45531
45572
45581
45611
45623
45641
45641
45651
45652
45691
45701
45702
45722
45761
45771
45772
45772
45781
45791
45801
45821
45821
45852
45862
45892
45922
45941
45941
45951
45962
45981
45981
45982
46001
46001
46002
46012
46012
46022
46031
46032
46041
46071
46081
46092
46092
46131
46171
46211
46212
46213
46291
46292
46311
46351
46371
46372
46381
46381
46382
46391
46392
46422
46452
46472
46481
46491
46502
46503
46552
46592
46612
46621
46621
46631
46652
46661
46682
46691
46702
46723
46723
46723
46731
46742
46752
46761
46772
46831
46832
46842
46851
46861
46862
46871
46871
46892
46901
46903
46912
46922
46922
46931
46942
46952
46961
46991
47001
47021
47052
47061
47072
47072
47082
47112
47112
47121
47142
47152
47172
47201
47202
47211
47232
47262
47272
47281
47292
47301
47303
47312
47321
47321
47331
47332
47342
47361
47362
47382
47401
47412
47413
47413
47422
47431
47462
47472
47492
47492
47492
47502
47512
47522
47551
47552
47552
47562
47611
47623
47631
47632
47681
47741
47742
47772
47791
47822
47841
47841
47842
47861
47861
47872
47911
47913
47922
47931
47932
47961
47961
47972
47982
47991
48071
48082
48092
48111
48111
48121
48131
48131
48152
48152
48172
48172
48201
48202
48211
48222
48222
48223
48251
48271
48271
48292
48302
48313
48322
48322
48323
48341
48342
48362
48413
48423
48431
48432
48441
48442
48451
48451
48451
48452
48471
48481
48491
48491
48502
48503
48511
48512
48532
48541
48542
48591
48603
48612
48621
48621
48622
48623
48642
48642
48661
48671
48692
48711
48712
48713
48742
48751
48752
48782
48792
48801
48812
48812
48813
48822
48841
48852
48882
48902
48991
48991
49022
49041
49052
49052
49082
49091
49103
49113
49122
49123
49132
49152
49161
49161
49162
49181
49212
49221
49221
49222
49223
49282
49301
49301
49371
49372
49372
49403
49421
49431
49432
49441
49461
49501
49503
49503
49512
49523
49531
49541
49561
49572
49591
49601
49601
49602
49603
49612
49651
49662
49711
49752
49761
49772
49791
49792
49862
49891
49892
49902
49902
49902
49942
49951
49982
50013
50051
50092
50092
50112
50113
50122
50151
50172
50181
50232
50241
50261
50272
50292
50313
50341
50382
50401
50403
50413
50431
50432
50452
50462
50471
50481
50491
50503
50503
50511
50511
50512
50513
50521
50541
50551
50552
50571
50572
50581
50591
50602
50613
50631
50681
50682
50711
50723
50731
50741
50742
50772
50781
50781
50791
50803
50803
50803
50811
50832
50851
50882
50921
50922
50922
50982
51021
51032
51051
51091
51092
51101
51101
51102
51113
51113
51121
51132
51142
51171
51191
51191
51203
51211
51232
51242
51251
51261
51262
51303
51321
51332
51332
51342
51361
51361
51362
51382
51391
51392
51413
51432
51452
51482
51482
51492
51501
51522
51542
51552
51561
51602
51611
51612
51642
51672
51692
51692
51702
51702
51703
51721
51722
51731
51731
51732
51751
51751
51761
51781
51812
51821
51831
51842
51912
51961
51981
52001
52011
52012
52023
52041
52091
52102
52102
52111
52131
52151
52171
52181
52181
52181
52191
52191
52201
52211
52213
52222
52223
52231
52232
52252
52272
52282
52292
52303
52303
52312
52352
52362
52381
52403
52412
52432
52451
52512
52521
52551
52613
52621
52641
52641
52642
52652
52652
52661
52662
52662
52691
52692
52701
52702
52713
52721
52731
52751
52761
52772
52772
52792
52801
52803
52803
52811
52832
52841
52841
52841
52841
52842
52851
52861
52871
52872
52872
52902
52911
52911
52951
52951
52991
52992
52992
53011
53023
53052
53132
53132
53141
53142
53202
53202
53213
53221
53221
53223
53232
53252
53261
53281
53282
53302
53331
53331
53342
53352
53381
53432
53451
53452
53471
53502
53503
53513
53523
53542
53562
53582
53592
53611
53612
53621
53622
53661
53661
53672
53692
53732
53742
53761
53771
53792
53822
53841
53852
53861
53881
53881
53902
53911
53913
53941
53961
53982
53982
53991
53992
54003
54011
54012
54021
54052
54071
54072
54082
54102
54123
54152
54152
54191
54192
54252
54262
54262
54321
54322
54331
54331
54332
54342
54342
54361
54382
54392
54421
54431
54432
54441
54461
54462
54462
54471
54503
54511
54523
54532
54561
54571
54571
54582
54603
54612
54622
54631
54632
54642
54672
54691
54701
54711
54722
54731
54741
54761
54771
54781
54801
54811
54821
54852
54862
54891
54891
54901
54902
54922
55003
55012
55022
55032
55061
55061
55071
55071
55122
55161
55191
55192
55202
55213
55222
55223
55231
55231
55251
55252
55261
55261
55262
55262
55262
55303
55312
55313
55321
55322
55331
55341
55361
55361
55361
55411
55412
55413
55421
55423
55431
55442
55451
55451
55451
55482
55492
55502
55522
55522
55561
55571
55571
55602
55603
55611
55641
55651
55652
55672
55701
55702
55702
55731
55751
55761
55771
55771
55772
55781
55792
55792
55801
55832
55852
55901
55931
55931
55952
55971
55981
56002
56012
56013
56021
56031
56031
56032
56041
56071
56091
56092
56112
56122
56123
56132
56141
56161
56172
56172
56192
56202
56203
56221
56231
56241
56261
56261
56262
56292
56303
56313
56321
56342
56342
56362
56372
56481
56491
56511
56551
56561
56562
56612
56652
56662
56662
56713
56713
56721
56723
56741
56751
56761
56771
56771
56802
56811
56811
56831
56832
56842
56842
56872
56881
56881
56882
56971
57001
57012
57022
57023
57032
57042
57052
57052
57122
57122
57141
57151
57161
57202
57212
57212
57221
57232
57241
57241
57242
57261
57281
57282
57302
57331
57371
57381
57401
57401
57413
57423
57452
57462
57492
57531
57552
57582
57591
57592
57662
57682
57702
57712
57742
57781
57791
57813
57871
57872
57912
57921
57951
57962
58001
58012
58052
58072
58092
58092
58102
58103
58151
58162
58181
58191
58191
58203
58212
58213
58221
58222
58231
58262
58262
58292
58302
58302
58382
58392
58432
58461
58461
58472
58491
58502
58513
58542
58551
58581
58582
58613
58632
58671
58681
58702
58712
58721
58741
58781
58781
58791
58792
58803
58813
58831
58841
58862
58872
58921
58931
58931
58932
58952
58961
58971
58992
59011
59012
59031
59031
59042
59051
59052
59072
59092
59102
59121
59121
59122
59151
59151
59192
59203
59221
59222
59252
59272
59291
59321
59321
59322
59332
59352
59371
59402
59413
59422
59423
59431
59441
59442
59442
59492
59502
59511
59523
59581
59592
59602
59602
59621
59672
59681
59722
59732
59732
59741
59741
59781
59831
59832
59832
59841
59842
59861
59871
59881
59892
59892
59902
59912
59931
59932
59942
59952
59962
59962
59981
59991
59991
60002
60022
60031
60061
60082
60091
60111
60111
60123
60131
60152
60152
60161
60161
60162
60162
60192
60212
60212
60221
60223
60291
60322
60323
60323
60331
60332
60372
60372
60392
60412
60413
60421
60423
60461
60481
60492
60503
60503
60523
60531
60552
60561
60572
60582
60592
60603
60621
60621
60622
60641
60651
60662
60671
60681
60722
60723
60732
60752
60772
60782
60782
60791
60801
60801
60802
60842
60861
60862
60871
60881
60892
60911
60912
60912
60932
60962
60982
61001
61012
61042
61062
61071
61102
61102
61112
61122
61123
61131
61142
61152
61161
61192
61192
61202
61261
61261
61262
61271
61272
61281
61291
61301
61302
61332
61342
61351
61351
61361
61381
61382
61413
61423
61441
61441
61442
61461
61471
61482
61491
61492
61522
61523
61531
61531
61612
61613
61641
61652
61652
61662
61681
61692
61701
61722
61723
61742
61742
61751
61772
61801
61811
61821
61841
61851
61861
61862
61862
61881
61892
61903
61922
61941
61942
61952
61961
61992
62001
62011
62021
62023
62023
62041
62052
62062
62071
62072
62082
62091
62113
62122
62141
62192
62241
62262
62272
62303
62311
62313
62322
62342
62342
62371
62372
62372
62381
62392
62392
62401
62423
62432
62441
62452
62462
62532
62532
62541
62552
62571
62602
62611
62612
62631
62632
62672
62672
62672
62681
62691
62713
62751
62751
62782
62792
62802
62803
62803
62812
62851
62862
62881
62911
62931
62951
62972
62992
62992
63002
63003
63011
63031
63052
63061
63061
63092
63103
63123
63132
63152
63161
63172
63181
63212
63242
63262
63302
63303
63311
63331
63331
63392
63412
63412
63431
63441
63461
63461
63471
63481
63512
63513
63521
63592
63592
63611
63631
63641
63672
63672
63691
63691
63692
63692
63701
63703
63711
63711
63712
63712
63712
63713
63722
63771
63781
63792
63832
63861
63872
63902
63903
63951
63971
63971
63981
63981
63982
63992
64001
64002
64002
64012
64031
64051
64061
64061
64082
64091
64111
64112
64141
64141
64182
64191
64203
64231
64232
64252
64262
64272
64281
64301
64332
64342
64351
64372
64382
64391
64401
64403
64412
64431
64501
64503
64531
64562
64621
64622
64661
64662
64672
64691
64702
64703
64723
64731
64741
64751
64752
64762
64771
64802
64821
64832
64862
64862
64862
64871
64872
64901
64901
64902
64903
64911
64912
64913
64931
64961
64962
64972
64982
64991
64992
65013
65032
65032
65061
65091
65103
65112
65123
65132
65141
65141
65171
65172
65182
65192
65192
65201
65241
65241
65242
65251
65271
65272
65281
65281
65281
65291
65313
65322
65371
65413
65413
65423
65431
65452
65461
65472
65482
65492
65502
65511
65523
65523
65531
65532
65541
65541
65562
65591
65602
65603
65613
65623
65661
65702
65713
65721
65732
65741
65741
65741
65741
65742
65742
65762
65762
65781
65782
65791
65822
65842
65852
65862
65911
65931
65951
65981
65981
66003
66022
66032
66041
66042
66061
66102
66152
66172
66172
66191
66221
66221
66222
66223
66231
66242
66261
66282
66282
66302
66313
66331
66341
66342
66351
66371
66381
66391
66402
66423
66451
66492
66502
66502
66512
66521
66522
66541
66551
66552
66562
66581
66622
66623
66623
66631
66662
66671
66671
66672
66721
66723
66742
66752
66762
66781
66781
66801
66802
66802
66803
66852
66871
66911
66912
66913
66931
66961
66962
66962
66981
66991
67003
67021
67021
67022
67023
67101
67101
67101
67102
67111
67112
67123
67131
67132
67151
67152
67161
67162
67162
67171
67192
67201
67242
67261
67323
67332
67351
67351
67361
67382
67401
67421
67423
67461
67472
67492
67512
67522
67523
67523
67541
67601
67602
67613
67642
67651
67652
67672
67681
67682
67691
67692
67703
67721
67732
67751
67771
67803
67811
67832
67841
67841
67841
67871
67872
67892
67892
67892
67901
67901
67912
67912
67922
67942
67962
67982
68023
68052
68102
68113
68121
68152
68161
68182
68211
68212
68221
68231
68282
68313
68342
68361
68372
68412
68421
68421
68431
68441
68442
68442
68481
68502
68512
68541
68551
68561
68562
68562
68572
68603
68613
68641
68642
68651
68652
68692
68702
68703
68711
68712
68722
68731
68761
68761
68772
68782
68791
68801
68821
68822
68832
68861
68861
68871
68881
68891
68912
68912
68913
68921
68921
68922
68931
68951
68951
69023
69031
69031
69032
69041
69041
69042
69052
69061
69071
69071
69091
69092
69113
69132
69171
69202
69231
69242
69242
69262
69272
69301
69313
69323
69331
69332
69342
69362
69401
69411
69422
69431
69441
69492
69501
69502
69502
69522
69531
69552
69561
69571
69571
69572
69611
69622
69692
69701
69701
69721
69722
69731
69741
69802
69811
69831
69831
69861
69911
69912
69913
69942
69951
70011
70023
70051
70052
70092
70102
70113
70122
70131
70151
70162
70171
70172
70192
70223
70232
70262
70271
70271
70271
70272
70302
70313
70321
70322
70323
70323
70323
70332
70341
70341
70342
70361
70371
70371
70372
70381
70381
70381
70391
70392
70401
70423
70461
70481
70491
70513
70513
70531
70531
70532
70542
70551
70581
70591
70621
70632
70642
70661
70682
70703
70722
70752
70772
70781
70801
70803
70822
70851
70902
70902
70931
70931
70941
70951
70952
70961
70972
70981
70991
70992
71002
71003
71012
71082
71091
71091
71092
71121
71121
71141
71171
71212
71222
71242
71252
71271
71281
71281
71292
71302
71312
71312
71323
71342
71391
71412
71423
71432
71442
71451
71482
71491
71492
71492
71501
71501
71502
71503
71503
71512
71512
71521
71572
71582
71592
71612
71613
71621
71671
71702
71721
71721
71721
71722
71723
71771
71801
71801
71802
71811
71831
71872
71872
71881
71931
71981
71991
71992
71992
72012
72021
72022
72041
72051
72061
72062
72062
72082
72102
72111
72113
72122
72142
72152
72171
72181
72182
72212
72251
72262
72281
72301
72303
72323
72331
72351
72361
72362
72382
72391
72401
72412
72412
72413
72423
72461
72462
72472
72482
72491
72503
72503
72512
72512
72513
72532
72592
72601
72611
72632
72661
72671
72671
72682
72711
72721
72721
72722
72723
72732
72781
72802
72802
72811
72811
72832
72842
72861
72862
72871
72882
72882
72891
72901
72911
72932
72952
72961
72962
72962
72972
72981
72992
72992
73002
73012
73052
73062
73082
73123
73141
73142
73142
73162
73181
73182
73201
73203
73221
73222
73242
73261
73281
73303
73311
73323
73331
73362
73412
73422
73432
73432
73441
73471
73481
73482
73503
73503
73571
73572
73572
73581
73582
73591
73602
73641
73641
73681
73711
73723
73742
73803
73821
73821
73832
73842
73851
73872
73882
73922
73941
73951
73952
73962
73982
74001
74002
74012
74051
74071
74082
74102
74111
74123
74132
74151
74171
74223
74232
74242
74242
74252
74262
74262
74271
74272
74281
74291
74291
74313
74352
74361
74371
74372
74372
74411
74423
74431
74451
74461
74471
74481
74502
74541
74542
74581
74582
74611
74641
74692
74702
74703
74711
74712
74751
74782
74792
74801
74803
74822
74831
74842
74842
74851
74851
74852
74852
74871
74872
74882
74891
74892
74901
74902
74921
74941
74942
74952
74961
75011
75013
75022
75032
75041
75051
75052
75052
75062
75062
75081
75103
75103
75112
75121
75152
75162
75172
75191
75222
75231
75282
75372
75372
75372
75381
75403
75421
75421
75421
75422
75423
75441
75481
75492
75531
75531
75532
75561
75581
75591
75601
75601
75601
75611
75611
75613
75631
75642
75701
75702
75711
75711
75713
75732
75741
75742
75761
75802
75802
75803
75803
75812
75832
75842
75851
75862
75901
75913
75921
75942
75952
75991
76013
76022
76042
76051
76052
76061
76091
76092
76102
76111
76123
76141
76162
76192
76201
76202
76203
76223
76292
76322
76341
76342
76371
76381
76382
76392
76422
76442
76471
76472
76481
76482
76511
76512
76513
76532
76542
76552
76592
76631
76641
76662
76671
76692
76702
76702
76722
76723
76751
76771
76792
76801
76821
76841
76842
76851
76852
76852
76861
76882
76891
76892
76922
76922
76951
76961
76971
76991
76992
77002
77013
77061
77122
77123
77132
77162
77201
77201
77211
77212
77221
77292
77331
77352
77382
77382
77392
77403
77412
77422
77472
77472
77501
77502
77511
77531
77532
77552
77562
77591
77611
77623
77702
77711
77713
77722
77731
77732
77742
77761
77772
77781
77782
77792
77801
77801
77803
77803
77812
77821
77831
77832
77841
77861
77871
77872
77881
77891
77892
77931
77942
77961
77962
77981
78021
78022
78041
78051
78052
78061
78071
78081
78091
78091
78111
78121
78132
78162
78172
78191
78192
78222
78223
78223
78242
78281
78292
78313
78321
78321
78321
78332
78341
78371
78382
78391
78401
78401
78403
78462
78471
78491
78502
78523
78531
78541
78551
78622
78631
78632
78641
78651
78652
78662
78682
78692
78692
78752
78781
78811
78812
78813
78822
78832
78841
78842
78861
78901
78903
78932
78941
78961
78972
78992
79003
79011
79022
79023
79032
79051
79052
79062
79071
79103
79111
79111
79112
79171
79172
79172
79172
79242
79252
79271
79272
79321
79351
79421
79423
79423
79452
79471
79491
79491
79503
79512
79551
79572
79582
79592
79602
79602
79651
79672
79682
79682
79721
79722
79742
79752
79771
79782
79811
79832
79832
79882
79911
79921
79931
79971
79981
79991
79992
80003
80021
80022
80042
80042
80052
80082
80111
80113
80123
80141
80151
80182
80203
80211
80212
80213
80221
80231
80251
80252
80261
80261
80271
80272
80312
80331
80341
80361
80361
80382
80403
80411
80421
80461
80502
80503
80503
80503
80521
80522
80542
80551
80623
80631
80632
80641
80642
80681
80681
80701
80772
80792
80801
80803
80812
80831
80841
80852
80862
80902
80903
80912
80922
80951
80952
80982
81013
81051
81052
81092
81101
81102
81123
81161
81161
81191
81202
81203
81221
81221
81251
81262
81292
81323
81341
81342
81391
81402
81422
81431
81432
81442
81462
81491
81541
81562
81562
81571
81592
81713
81752
81752
81761
81771
81781
81812
81813
81821
81821
81832
81852
81881
81892
81902
81902
81961
81962
81971
81972
82001
82021
82021
82041
82052
82072
82101
82112
82122
82123
82151
82151
82151
82152
82192
82231
82241
82251
82251
82262
82291
82301
82303
82321
82351
82392
82413
82423
82451
82462
82471
82471
82511
82511
82511
82512
82512
82523
82532
82571
82581
82591
82603
82611
82621
82631
82631
82632
82641
82651
82691
82692
82701
82701
82722
82723
82731
82741
82762
82803
82811
82811
82821
82831
82862
82891
82991
83001
83002
83013
83021
83021
83052
83062
83062
83082
83101
83101
83102
83122
83132
83191
83191
83201
83201
83202
83213
83223
83223
83251
83262
83271
83271
83281
83291
83322
83332
83332
83351
83422
83422
83423
83423
83431
83442
83481
83503
83503
83512
83552
83572
83601
83652
83692
83701
83781
83782
83871
83902
83903
83931
83932
83942
83971
83972
83991
84013
84032
84042
84081
84101
84102
84142
84142
84172
84181
84182
84201
84203
84222
84231
84232
84242
84261
84291
84301
84301
84313
84332
84341
84372
84411
84412
84413
84421
84431
84432
84442
84452
84482
84492
84492
84501
84502
84503
84541
84552
84561
84572
84581
84591
84592
84602
84603
84612
84613
84651
84661
84732
84732
84741
84751
84771
84792
84803
84872
84891
84892
84902
84903
84912
84931
84931
84941
84942
84951
84982
85041
85081
85092
85112
85112
85122
85142
85171
85171
85191
85191
85222
85232
85251
85302
85303
85303
85311
85321
85322
85322
85332
85342
85361
85372
85382
85421
85441
85462
85472
85482
85491
85511
85512
85521
85552
85552
85561
85561
85572
85601
85622
85623
85623
85631
85632
85651
85652
85661
85692
85701
85712
85721
85722
85731
85751
85762
85771
85781
85782
85801
85811
85812
85831
85842
85871
85891
85901
85913
85972
85981
85982
85991
86013
86022
86092
86103
86123
86151
86151
86191
86191
86192
86192
86201
86202
86231
86252
86261
86282
86292
86292
86302
86342
86342
86391
86411
86441
86452
86461
86492
86492
86502
86503
86511
86512
86531
86542
86561
86562
86571
86572
86591
86601
86601
86612
86623
86632
86651
86672
86732
86751
86762
86771
86772
86791
86813
86831
86841
86892
86911
86921
86932
86971
86981
87011
87013
87023
87042
87062
87071
87072
87121
87121
87121
87122
87151
87151
87171
87252
87271
87272
87323
87352
87362
87362
87382
87392
87401
87431
87431
87442
87451
87511
87513
87523
87532
87532
87582
87651
87672
87691
87691
87701
87703
87712
87762
87772
87781
87781
87802
87813
87822
87861
87891
87903
87982
87991
88001
88002
88003
88012
88042
88052
88061
88071
88071
88111
88111
88112
88162
88171
88201
88201
88212
88223
88241
88261
88291
88321
88323
88331
88341
88341
88392
88422
88462
88491
88502
88511
88522
88523
88531
88552
88552
88562
88602
88602
88611
88623
88732
88752
88762
88771
88792
88851
88901
88902
88903
88922
88931
88942
88952
88962
88972
88972
89012
89012
89021
89031
89031
89042
89051
89052
89052
89071
89071
89081
89101
89152
89152
89201
89202
89203
89203
89212
89221
89223
89231
89232
89271
89281
89301
89303
89322
89322
89362
89372
89401
89401
89411
89412
89423
89423
89462
89481
89501
89502
89532
89542
89551
89592
89611
89613
89621
89623
89671
89691
89692
89731
89732
89741
89742
89761
89772
89791
89801
89802
89871
89871
89881
89891
89942
89962
89982
90001
90001
90002
90002
90011
90021
90023
90031
90041
90062
90082
90113
90122
90131
90141
90151
90161
90161
90181
90192
90223
90231
90232
90241
90262
90272
90282
90301
90302
90303
90341
90371
90381
90391
90392
90421
90422
90423
90432
90441
90442
90462
90472
90481
90511
90513
90521
90522
90523
90532
90552
90572
90602
90613
90621
90623
90631
90652
90703
90711
90732
90761
90781
90791
90852
90872
90881
90892
90901
90921
90932
90941
90951
90962
90971
90981
90992
90992
91011
91023
91032
91032
91042
91082
91092
91101
91121
91122
91131
91152
91161
91211
91213
91221
91221
91241
91242
91251
91271
91291
91291
91332
91332
91341
91342
91382
91413
91421
91423
91471
91471
91523
91541
91542
91552
91561
91562
91562
91562
91581
91582
91591
91592
91602
91641
91661
91662
91671
91691
91692
91692
91701
91732
91732
91761
91762
91792
91821
91821
91841
91841
91912
91913
91942
91961
91962
92012
92012
92021
92031
92051
92061
92122
92141
92161
92162
92182
92202
92212
92213
92301
92302
92312
92312
92332
92372
92412
92413
92422
92461
92461
92471
92471
92501
92521
92551
92591
92601
92642
92651
92651
92661
92711
92711
92722
92722
92771
92792
92802
92802
92821
92822
92832
92841
92852
92872
92881
92882
92892
92903
92921
92931
92932
92951
92952
92952
92971
92972
92972
92972
93002
93012
93021
93021
93023
93042
93071
93112
93162
93191
93222
93261
93261
93272
93302
93311
93323
93323
93331
93341
93342
93362
93371
93381
93382
93412
93412
93413
93423
93431
93432
93451
93451
93471
93472
93491
93501
93512
93513
93513
93513
93541
93571
93571
93601
93602
93612
93641
93681
93681
93701
93711
93712
93722
93731
93752
93761
93761
93771
93792
93812
93813
93841
93851
93852
93882
93912
93942
93951
93971
93981
93981
94002
94002
94003
94021
94022
94062
94072
94081
94103
94123
94141
94141
94151
94172
94172
94181
94191
94221
94221
94232
94251
94261
94262
94262
94272
94281
94303
94341
94352
94362
94381
94382
94382
94401
94402
94403
94413
94432
94452
94471
94482
94492
94492
94511
94512
94523
94541
94551
94561
94572
94582
94601
94631
94632
94682
94691
94692
94723
94731
94752
94761
94803
94831
94842
94852
94861
94881
94901
94902
94902
94921
94922
94951
94962
94962
95001
95003
95012
95013
95021
95062
95091
95111
95113
95131
95131
95141
95142
95142
95172
95172
95202
95203
95203
95212
95221
95231
95241
95241
95242
95281
95282
95282
95302
95312
95313
95341
95351
95352
95371
95372
95431
95512
95541
95562
95562
95603
95613
95631
95632
95651
95661
95662
95662
95691
95692
95731
95732
95742
95751
95752
95801
95802
95851
95872
95881
95882
95901
95902
95941
95961
96002
96011
96012
96022
96111
96111
96123
96131
96142
96151
96151
96171
96172
96181
96192
96192
96213
96221
96313
96321
96351
96362
96372
96451
96452
96472
96482
96492
96502
96503
96511
96511
96532
96541
96541
96541
96562
96591
96611
96613
96622
96632
96641
96642
96661
96692
96703
96752
96772
96781
96792
96812
96822
96841
96851
96861
96881
96882
96912
96931
96931
96941
96942
97001
97013
97041
97061
97072
97072
97102
97123
97123
97151
97152
97162
97192
97202
97212
97232
97261
97262
97262
97262
97271
97281
97282
97302
97311
97312
97332
97422
97432
97491
97521
97521
97522
97542
97572
97582
97611
97631
97641
97711
97712
97721
97732
97761
97782
97782
97802
97803
97811
97871
97891
97952
97961
97962
97982
98001
98002
98003
98032
98051
98052
98061
98072
98111
98112
98161
98172
98202
98203
98203
98221
98242
98242
98242
98252
98282
98291
98302
98361
98361
98372
98392
98422
98423
98432
98441
98441
98441
98462
98472
98511
98512
98512
98512
98521
98551
98561
98562
98562
98562
98571
98571
98611
98621
98622
98622
98651
98662
98691
98701
98701
98702
98732
98762
98772
98811
98812
98812
98813
98822
98851
98852
98862
98872
98903
98942
98982
99001
99002
99032
99041
99052
99071
99081
99082
99091
99132
99132
99142
99171
99191
99242
99251
99272
99301
99302
99313
99361
99371
99403
99422
99432
99442
99442
99451
99451
99452
99452
99491
99503
99512
99513
99532
99561
99562
99571
99581
99612
99631
99632
99652
99662
99662
99692
99703
99703
99731
99731
99771
99791
99792
99803
99811
99821
99832
99841
99841
99901
99902
99921
99922
99932
99942
99952
99982
1234567
1987654321
10987654321
90987654321
