1
10
6
16
23
35
39
50
47
59
57
55
54
64
61
66
77
75
65
87
91
119
120
103
102
100
95
90
123
126
86
84
60
32
136
19
138
140
139
146
145
165
163
160
137
176
180
178
193
195
194
185
201
209
204
200
166
221
228
233
226
224
238
240
242
249
244
239
260
273
268
280
278
286
285
274
258
301
302
295
293
303
315
306
290
318
323
324
335
340
347
346
328
349
317
289
362
356
372
376
382
377
371
391
395
397
408
400
399
398
384
383
414
420
409
355
236
431
441
452
451
444
433
456
460
455
454
479
471
425
210
487
496
495
506
500
497
521
513
522
509
493
534
535
537
536
532
542
539
549
551
553
560
558
550
545
543
529
576
583
578
567
590
596
608
610
628
615
609
604
601
630
637
636
648
654
647
642
639
655
633
660
667
672
671
682
677
665
685
684
658
702
703
708
710
716
714
721
737
726
741
739
709
752
751
757
759
754
749
767
762
699
772
774
768
780
777
686
796
800
810
819
814
804
798
826
825
790
830
786
854
853
841
878
862
859
837
891
893
889
904
901
911
906
905
884
832
921
917
914
933
937
941
925
946
945
943
950
948
956
963
970
965
976
964
979
959
942
1000
997
1011
1018
1013
1034
1035
1032
1012
995
987
1062
1049
1100
1096
1077
1066
1103
1108
1121
1110
1106
1102
1129
1124
1136
1143
1137
1155
1152
1164
1161
1148
1131
1172
1181
1173
1182
1168
1187
1196
1194
1199
1200
1193
1166
1041
1222
1218
1214
1230
1229
1237
1238
1233
1254
1251
1244
1242
1256
1257
1262
1260
1270
1268
1298
1307
1310
1282
1279
1317
1314
1312
1258
1255
1232
1227
1328
1327
1326
1337
1342
1355
1354
1358
1362
1365
1370
1373
1382
1377
1400
1402
1397
1412
1368
1425
1419
1413
1361
1348
1340
1331
1434
1441
1443
1435
1451
1457
1458
1454
1447
1471
1473
1475
1488
1486
1481
1492
1494
1506
1504
1510
1508
1519
1535
1523
1512
1489
1470
1553
1560
1559
1557
1566
1561
1578
1568
1584
1582
1591
1596
1598
1603
1605
1608
1604
1619
1628
1622
1611
1602
1632
1631
1592
1649
1650
1655
1661
1662
1671
1663
1652
1676
1675
1639
1678
1683
1695
1694
1691
1687
1680
1677
1701
1710
1709
1696
1555
1718
1722
1721
1713
1552
1427
1330
1724
1728
1743
1755
1745
1744
1759
1732
1730
1723
1775
1790
1779
1772
1809
1810
1820
1815
1812
1802
1823
1836
1830
1839
1795
1845
1793
1770
1207
913
585
1849
1858
1864
1872
1871
1867
1856
1887
1888
1880
1895
1897
1896
1898
1894
1879
1915
1919
1923
1924
1925
1946
1935
1965
1964
1954
1932
1920
1972
1971
1976
1974
1973
1979
1980
1981
1978
1968
1986
1997
2004
2010
1998
2022
2016
2030
2023
2015
2040
2037
2036
2046
2044
2031
2049
2065
2056
2054
2068
2072
2097
2109
2098
2125
2118
2086
2052
2128
2132
2131
2147
2148
2144
2142
2150
2156
2157
2155
2160
2162
2161
2154
2199
2201
2209
2215
2216
2224
2227
2225
2219
2229
2235
2234
2231
2240
2210
2204
2188
2170
2149
2244
2245
2243
2127
2047
1983
2255
2263
2271
2266
2283
2285
2279
2296
2309
2299
2297
2289
2318
2319
2324
2322
2348
2329
2360
2373
2375
2367
2388
2385
2380
2352
2321
2315
2398
2399
2407
2425
2435
2427
2421
2416
2455
2450
2445
2441
2413
2412
2463
2462
2457
2465
2475
2474
2469
2477
2466
2485
2486
2488
2481
2497
2490
2404
2391
2247
1914
1848
2506
2514
2505
2503
2501
2529
2532
2530
2524
2551
2555
2558
2561
2568
2571
2574
2581
2577
2565
2557
2582
2585
2588
2592
2598
2595
2587
2552
2545
2606
2609
2607
2619
2620
2622
2626
2638
2612
2605
2604
2603
2542
2659
2656
2660
2661
2674
2669
2688
2680
2678
2666
2646
2690
2697
2702
2700
2699
2696
2695
2694
2689
2711
2712
2717
2732
2729
2743
2737
2744
2734
2715
2746
2762
2769
2766
2780
2781
2759
2796
2806
2804
2802
2800
2788
2811
2810
2757
2830
2818
2841
2840
2838
2842
2850
2862
2867
2854
2868
2852
2846
2882
2877
2886
2871
2843
2891
2890
2889
2897
2894
2893
2837
2912
2910
2908
2914
2913
2907
2902
2921
2920
2925
2918
2931
2930
2927
2926
2901
2814
2944
2950
2952
2954
2945
2936
2955
2970
2971
2973
2979
2990
2989
2993
2977
2964
2933
2708
2999
2998
3005
3016
3021
3027
3053
3048
3031
3056
3030
3060
3071
3070
3072
3023
3086
3082
3087
3075
3010
2996
2643
3106
3110
3112
3100
3120
3118
3114
3091
3129
3148
3145
3137
3134
3158
3157
3126
3160
3173
3166
3159
3181
3178
3197
3202
3200
3207
3205
3204
3196
3214
3218
3226
3225
3229
3232
3235
3228
3239
3248
3240
3237
3261
3250
3223
3273
3278
3285
3284
3276
3272
3209
3288
3298
3287
3309
3314
3325
3323
3327
3329
3320
3331
3306
3340
3356
3359
3362
3358
3367
3368
3366
3381
3373
3382
3369
3357
3355
3352
3305
3391
3395
3404
3397
3394
3408
3406
3405
3418
3414
3426
3425
3423
3421
3430
3431
3438
3436
3440
3427
3445
3446
3453
3452
3444
3456
3467
3465
3478
3483
3492
3499
3488
3504
3486
3470
3515
3508
3536
3541
3537
3551
3561
3558
3555
3548
3523
3577
3566
3581
3594
3605
3621
3596
3623
3578
3636
3628
3646
3645
3647
3642
3637
3648
3565
3659
3661
3666
3683
3685
3667
3657
3690
3697
3695
3691
3687
3718
3720
3719
3722
3725
3723
3710
3737
3742
3731
3748
3752
3756
3749
3747
3730
3726
3705
3762
3770
3774
3771
3779
3790
3783
3799
3806
3807
3810
3809
3797
3776
3759
3815
3814
3821
3823
3832
3837
3827
3840
3811
3650
3564
3459
3411
3843
3847
3859
3868
3872
3860
3875
3858
3854
3845
3878
3881
3880
3877
3887
3890
3904
3902
3908
3906
3924
3921
3918
3930
3925
3909
3905
3900
3841
3384
3174
3122
3948
3957
3962
3970
3966
3979
3978
3971
3983
3959
4000
3996
4001
4011
4025
4024
4014
4008
4007
4030
4036
4045
4034
4047
4057
4073
4071
4070
4084
4077
4102
4101
4095
4105
4075
4106
4054
4026
4006
4004
4115
4117
4121
4122
4120
4135
4140
4116
4159
4158
4157
4153
4144
4169
4174
4175
4178
4176
4195
4193
4172
4143
4112
3988
4201
4199
4210
4203
4214
4196
4220
4228
4217
3947
4237
4244
4263
4258
4264
4272
4243
4279
4292
4275
4302
4305
4303
4311
4313
4312
4318
4307
4298
4323
4327
4341
4346
4352
4354
4348
4347
4364
4367
4359
4329
4374
4380
4382
4381
4368
4325
4395
4390
4388
4404
4411
4417
4414
4409
4396
4385
4322
4428
4436
4439
4438
4437
4422
4442
4446
4421
4456
4455
4463
4466
4465
4477
4478
4473
4472
4454
4489
4494
4493
4481
4521
4520
4506
4504
4497
4495
4536
4533
4546
4545
4551
4557
4550
4539
4569
4567
4571
4581
4601
4576
4562
4606
4528
4616
4617
4629
4638
4637
4607
4451
4642
4644
4651
4649
4653
4663
4670
4668
4671
4682
4683
4692
4691
4697
4704
4701
4678
4713
4709
4715
4706
4673
4658
4723
4724
4721
4729
4725
4719
4640
4732
4735
4737
4743
4745
4746
4740
4730
4753
4759
4758
4768
4766
4754
4773
4779
4784
4771
4796
4799
4816
4824
4822
4808
4802
4797
4826
4832
4833
4828
4825
4795
4851
4848
4847
4865
4861
4853
4852
4878
4883
4882
4879
4841
4840
4887
4899
4907
4891
4890
4885
4838
4748
4919
4920
4921
4917
4945
4951
4950
4953
4960
4958
4964
4955
4954
4942
4971
4969
4977
4979
4978
4976
4992
5000
5007
4997
5014
5011
5020
4981
4937
4911
5022
5036
5030
5044
5029
5027
5052
5056
5068
5063
5059
5053
5045
5073
5081
5076
5072
5090
5085
5101
5105
5103
5107
5106
5113
5111
5114
5109
5094
5136
5130
5137
5153
5142
5128
5170
5179
5181
5182
5180
5172
5166
5127
5189
5187
5186
5195
5202
5201
5193
5212
5215
5225
5213
5210
5206
5183
5232
5231
5227
5241
5249
5247
5253
5257
5266
5270
5277
5271
5291
5280
5303
5302
5305
5306
5317
5304
5268
5235
5119
5025
5337
5343
5342
5355
5346
5367
5368
5369
5363
5383
5384
5407
5391
5416
5412
5385
5372
5418
5360
5440
5445
5442
5438
5455
5451
5462
5461
5450
5471
5470
5473
5474
5477
5476
5463
5483
5486
5495
5510
5500
5491
5517
5515
5513
5528
5539
5538
5540
5523
5563
5566
5551
5575
5545
5579
5590
5586
5581
5578
5479
5607
5609
5612
5613
5611
5593
5640
5641
5631
5617
5643
5614
5646
5655
5659
5658
5653
5662
5669
5678
5674
5683
5681
5679
5693
5705
5698
5711
5714
5724
5726
5718
5734
5732
5738
5742
5747
5740
5752
5750
5748
5731
5692
5660
5644
5756
5761
5772
5781
5782
5779
5783
5763
5762
5755
5795
5805
5801
5794
5832
5831
5825
5815
5844
5846
5853
5854
5849
5864
5869
5872
5868
5884
5883
5867
5891
5906
5895
5908
5907
5912
5893
5886
5860
5915
5833
5809
5808
5785
5419
5920
5927
5926
5932
5922
5951
5950
5940
5965
5962
5956
5969
5973
5994
5995
5989
5976
5974
5967
5917
5324
5021
4639
5997
6003
6000
6005
6009
6010
6024
6019
6006
6004
6038
6036
6032
6042
6045
6044
6056
6053
6065
6060
6077
6078
6071
6079
6058
6040
6087
6089
6096
6101
6095
6094
6110
6108
6103
6125
6131
6130
6141
6145
6144
6137
6159
6165
6156
6176
6174
6180
6153
6194
6190
6189
6182
6198
6201
6196
6203
6209
6211
6206
6225
6215
6229
6227
6226
6214
6202
6117
6114
6082
6039
6242
6247
6246
6237
6253
6263
6258
6249
6233
6276
6271
6265
6281
6282
6279
6290
6289
6296
6294
6288
6285
6302
6304
6297
6283
6264
6309
6312
6327
6333
6318
6340
6336
6351
6354
6350
6315
6357
6362
6361
6356
6372
6378
6382
6385
6377
6369
6394
6395
6403
6401
6391
6411
6405
6423
6422
6404
6433
6434
6437
6438
6436
6441
6435
6425
6456
6458
6451
6459
6449
6466
6484
6478
6468
6498
6504
6502
6486
6525
6539
6540
6537
6531
6509
6543
6541
6547
6546
6545
6463
6389
6305
6562
6558
6579
6584
6575
6587
6586
6595
6599
6594
6589
6609
6606
6615
6611
6620
6618
6628
6623
6630
6617
6641
6632
6604
6654
6662
6674
6660
6647
6677
6680
6686
6685
6683
6698
6697
6695
6692
6687
6678
6676
6708
6722
6721
6729
6730
6724
6718
6709
6736
6746
6748
6739
6738
6734
6752
6760
6761
6755
6762
6774
6769
6768
6779
6775
6766
6750
6780
6782
6781
6794
6803
6812
6806
6828
6824
6799
6832
6839
6840
6846
6849
6848
6863
6876
6864
6857
6845
6830
6785
6886
6883
6892
6890
6903
6896
6908
6909
6906
6895
6878
6705
6553
6923
6930
6937
6927
6938
6926
6918
6916
6939
6946
6950
6957
6959
6963
6971
6972
6968
6980
6977
6966
6958
6951
6941
6988
6990
6993
6991
7001
6989
7012
7007
6986
7030
7035
7036
7032
7031
7046
7041
7022
7052
7056
7054
7050
7047
7065
7062
7061
7060
6984
7090
7081
7077
7092
7091
7076
7072
7116
7104
7122
7125
7123
7121
7118
7102
7133
7136
7142
7130
7098
7067
6914
7145
7152
7151
7156
7159
7158
7154
7170
7173
7171
7176
7175
7182
7186
7185
7179
7189
7194
7192
7195
7188
7197
7201
7200
7219
7218
7209
7204
7220
7225
7248
7246
7234
7250
7221
7263
7260
7273
7252
7196
7280
7278
7283
7284
7288
7289
7294
7296
7293
7286
7276
7308
7335
7327
7339
7316
7304
7160
7149
7346
7352
7356
7357
7379
7368
7349
7387
7395
7404
7382
7405
7380
7347
7410
7417
7425
7426
7414
7438
7444
7450
7436
7465
7479
7476
7467
7480
7493
7497
7489
7502
7504
7507
7505
7501
7451
7513
7523
7522
7519
7528
7529
7533
7527
7545
7551
7549
7552
7555
7562
7567
7566
7573
7572
7578
7576
7559
7536
7516
7583
7586
7609
7608
7592
7588
7619
7616
7584
7624
7626
7638
7636
7644
7645
7652
7646
7641
7662
7660
7672
7674
7665
7677
7681
7676
7690
7692
7697
7695
7699
7705
7710
7712
7711
7708
7702
7689
7655
7635
7631
7622
7714
7719
7728
7734
7726
7717
7740
7746
7745
7756
7744
7739
7763
7772
7775
7764
7761
7760
7713
7510
7406
7783
7786
7792
7796
7797
7798
7799
7795
7789
7810
7806
7820
7817
7836
7840
7838
7835
7833
7812
7845
7854
7849
7857
7843
7881
7880
7888
7898
7883
7865
7859
7782
7911
7910
7916
7919
7929
7923
7915
7948
7945
7954
7961
7955
7964
7962
7950
7934
7902
7980
7983
7987
8000
7994
7991
7981
7975
8004
8008
8007
8010
8013
8020
8021
8032
8037
8033
8031
8022
8017
8009
8038
8003
7974
8043
8044
8046
8061
8058
8063
8076
8072
8065
8081
8078
8051
8048
8092
8089
8040
7342
7143
8117
8118
8107
8101
8128
8127
8139
8142
8131
8126
8125
8148
8154
8183
8181
8172
8196
8193
8197
8191
8202
8220
8236
8210
8240
8209
8207
8203
8200
8190
8152
8147
8252
8245
8255
8253
8244
8278
8276
8275
8282
8287
8286
8283
8300
8310
8306
8314
8291
8279
8262
8124
8095
8324
8328
8332
8342
8344
8325
8350
8347
8323
8359
8365
8360
8368
8374
8386
8394
8382
8370
8367
8351
8402
8400
8409
8427
8425
8407
8429
8431
8448
8446
8437
8473
8463
8462
8453
8477
8476
8428
8493
8486
8498
8512
8508
8514
8503
8502
8482
8524
8519
8481
8540
8539
8531
8547
8546
8552
8554
8557
8555
8560
8559
8542
8566
8564
8563
8576
8577
8573
8587
8586
8580
8570
8530
8592
8593
8594
8612
8624
8632
8630
8606
8637
8633
8645
8641
8651
8647
8653
8638
8656
8596
8669
8665
8664
8588
8525
8672
8681
8690
8693
8691
8687
8683
8710
8674
8719
8726
8732
8722
8714
8735
8740
8736
8743
8741
8756
8752
8761
8750
8770
8776
8774
8773
8779
8786
8769
8796
8813
8830
8828
8841
8832
8815
8809
8797
8795
8849
8861
8862
8858
8863
8857
8844
8733
8870
8866
8875
8876
8877
8874
8885
8893
8900
8887
8906
8925
8923
8920
8940
8937
8929
8959
8963
8968
8969
8956
8901
8972
8882
8671
8976
8974
8998
9019
9014
9026
9025
9029
9023
9036
9030
8986
9053
9045
9058
9038
9082
9067
9097
9095
9102
9101
9105
9112
9104
9132
9125
9123
9120
9116
9086
9151
9150
9148
9154
9158
9155
9145
9063
9162
9161
9180
9171
9187
9193
9195
9189
9203
9199
9215
9209
9225
9219
9216
9207
9232
9231
9237
9246
9254
9251
9243
9226
9181
9260
9261
9267
9274
9275
9279
9276
9269
9266
9286
9256
9159
9301
9303
9302
9320
9325
9324
9333
9337
9342
9347
9341
9327
9322
9317
9360
9366
9367
9370
9354
9382
9380
9371
9292
8973
8479
9394
9405
9406
9411
9410
9398
9418
9427
9422
9415
9414
9413
9440
9435
9445
9449
9444
9429
9460
9466
9456
9490
9493
9478
9474
9505
9524
9525
9519
9504
9530
9543
9547
9551
9550
9544
9536
9558
9552
9528
9580
9578
9585
9582
9605
9600
9597
9607
9586
9573
9500
9621
9630
9636
9650
9655
9644
9626
9614
9680
9677
9681
9659
9657
9496
9450
9383
8317
6232
9688
9685
9691
9698
9694
9706
9710
9709
9705
9725
9717
9729
9728
9732
9731
9747
9744
9737
9715
9683
9757
9752
9763
9761
9759
9764
9750
9777
9786
9798
9790
9788
9807
9811
9816
9818
9819
9813
9826
9822
9820
9809
9832
9836
9841
9840
9830
9828
9766
9848
9858
9855
9874
9878
9891
9888
9880
9879
9865
9894
9912
9908
9922
9916
9913
9924
9929
9932
9933
9934
9925
9948
9951
9950
9956
9954
9966
9967
9963
9970
9968
9959
9940
9892
9982
9988
9985
10003
10001
9998
10006
9990
10007
10009
10023
10016
10015
10008
9989
9978
9846
10027
10026
10038
10042
10051
10041
10031
10064
10068
10069
10059
10080
10077
10084
10052
10088
10099
10103
10106
10104
10108
10116
10089
10131
10138
10137
10120
10141
10150
10161
10155
10164
10163
10152
10147
10142
10119
10176
10179
10184
10183
10172
10190
10188
10199
10205
10210
10203
10212
10223
10224
10216
10211
10195
10242
10245
10239
10231
10227
10192
10191
10186
10249
10251
10258
10252
10262
10278
10275
10261
10282
10279
10288
10291
10290
10310
10307
10319
10327
10328
10325
10332
10322
10313
10335
10336
10333
10347
10340
10292
10284
10365
10366
10368
10357
10247
10087
10371
10379
10389
10382
10399
10400
10395
10391
10402
10405
10410
10416
10422
10413
10411
10425
10401
10437
10439
10453
10426
10377
10369
10025
10457
10459
10458
10462
10460
10484
10499
10490
10486
10507
10521
10525
10522
10514
10542
10537
10544
10536
10501
10552
10566
10565
10570
10569
10578
10584
10589
10577
10559
10603
10600
10605
10592
10610
10608
10556
10549
10467
10615
10621
10627
10636
10638
10629
10643
10619
10657
10654
10658
10675
10669
10678
10667
10664
10682
10684
10683
10679
10690
10694
10701
10696
10719
10723
10711
10706
10702
10738
10743
10753
10732
10755
10760
10770
10785
10794
10790
10781
10777
10758
10729
10686
10796
10799
10795
10801
10802
10805
10816
10810
10803
10800
10644
10820
10830
10826
10822
10833
10836
10848
10847
10870
10888
10874
10850
10891
10893
10889
10834
10817
10898
10896
10900
10908
10906
10918
10920
10911
10922
10902
10937
10952
10938
10965
10955
10935
10974
10967
10978
10983
10980
10984
10992
10987
10999
10995
10993
11005
11000
11014
11018
11019
11012
10975
10894
11033
11045
11048
11035
11050
11063
11060
11067
11074
11079
11092
11087
11097
11106
11117
11114
11107
11123
11150
11148
11141
11137
11136
11166
11157
11167
11124
11120
11105
11174
11175
11173
11171
11071
11190
11184
11196
11204
11218
11210
11222
11219
11208
11194
11058
11054
11233
11247
11248
11245
11250
11237
11234
11229
11254
11265
11264
11276
11280
11284
11282
11277
11257
11288
11298
11317
11320
11319
11310
11295
11287
11252
11021
11339
11333
11331
11363
11362
11341
11372
11367
11397
11387
11386
11381
11380
11408
11419
11437
11439
11432
11404
11455
11463
11453
11469
11472
11478
11471
11484
11485
11488
11487
11489
11482
11466
11365
11328
10612
10455
11504
11502
11506
11515
11509
11520
11519
11525
11538
11537
11535
11549
11551
11562
11561
11558
11553
11544
11526
11577
11572
11586
11583
11595
11599
11602
11612
11615
11622
11619
11623
11605
11598
11626
11625
11624
11589
11634
11640
11639
11641
11637
11633
11567
11523
11647
11646
11658
11665
11670
11667
11689
11692
11709
11705
11714
11710
11684
11681
11719
11725
11722
11715
11733
11734
11738
11730
11744
11757
11752
11739
11760
11727
11789
11786
11780
11775
11769
11661
11792
11799
11808
11805
11812
11810
11826
11821
11819
11816
11813
11850
11848
11852
11843
11831
11856
11791
11868
11867
11857
11642
11877
11880
11871
11888
11894
11886
11884
11920
11926
11927
11930
11928
11924
11949
11948
11936
11964
11977
11980
11995
11992
11988
11979
12001
12006
12026
12020
12013
11997
12035
12034
11974
12045
12041
12038
12049
12055
12058
12056
12075
12070
12080
12064
12082
12088
12105
12106
12114
12113
12110
12089
12087
12086
12052
12120
12117
12116
12126
12128
12122
12131
12129
12121
12137
12142
12163
12162
12152
12138
12170
12169
12171
12164
12134
12115
12179
12175
11960
11934
12190
12191
12195
12192
12186
12197
12201
12205
12200
12180
12211
12213
12222
12215
12224
12223
12227
12255
12257
12261
12267
12273
12276
12278
12274
12263
12259
12249
12246
12281
12290
12288
12282
12304
12306
12312
12307
12318
12329
12326
12316
12346
12336
12356
12358
12351
12363
12330
12305
12373
12372
12379
12384
12391
12412
12401
12395
12366
12280
12417
12423
12424
12437
12435
12419
12455
12459
12452
12416
12210
12471
12481
12484
12487
12483
12475
12493
12492
12495
12507
12502
12499
12490
12519
12518
12524
12526
12532
12531
12535
12534
12527
12538
12539
12536
12543
12540
12547
12567
12571
12578
12577
12552
12545
12592
12520
12508
12611
12614
12620
12627
12630
12650
12649
12635
12654
12655
12651
12661
12657
12629
12670
12668
12690
12688
12683
12672
12667
12697
12722
12724
12703
12698
12742
12739
12744
12748
12759
12757
12753
12750
12768
12767
12769
12783
12777
12784
12772
12792
12788
12786
12802
12800
12804
12811
12807
12795
12813
12815
12821
12820
12837
12840
12834
12827
12843
12842
12848
12841
12857
12856
12864
12866
12868
12862
12814
12876
12881
12872
12871
12812
12727
12884
12895
12886
12883
12625
12601
12463
11902
11870
11496
9682
5996
4229
12902
12911
12906
12903
12923
12933
12939
12943
12940
12949
12944
12930
12961
12957
12955
12962
12969
12976
12971
12991
12987
12994
12980
12968
12998
12997
13000
13002
13005
13003
12999
13010
13006
13013
13018
13021
13020
13035
13045
13037
13036
13034
13059
13052
13051
13046
13015
12995
12950
13062
13067
13076
13073
13092
13108
13102
13113
13121
13115
13133
13132
13135
13134
13114
13079
13072
13065
13143
13155
13150
13158
13136
13173
13174
13185
13197
13186
13183
13207
13214
13210
13198
13219
13167
13234
13235
13251
13260
13259
13272
13281
13283
13278
13269
13264
13243
13238
13230
13288
13296
13297
13300
13293
13225
13312
13309
13307
13321
13326
13332
13327
13339
13344
13336
13334
13324
13314
13358
13360
13354
13374
13381
13387
13390
13388
13382
13399
13393
13405
13391
13379
13367
13304
13418
13430
13436
13439
13440
13454
13443
13460
13458
13437
13426
13414
13472
13492
13503
13495
13480
13478
13517
13505
13526
13540
13525
13523
13522
13520
13546
13544
13542
13553
13559
13550
13570
13563
13549
13571
13581
13578
13584
13573
13587
13590
13589
13586
13598
13605
13602
13608
13611
13601
13617
13627
13619
13628
13631
13613
13632
13591
13643
13658
13665
13662
13667
13674
13656
13650
13682
13693
13701
13709
13705
13700
13717
13719
13710
13721
13689
13681
13724
13722
13638
13548
13736
13735
13756
13759
13763
13764
13760
13765
13768
13780
13779
13774
13755
13745
13807
13811
13814
13788
13729
13469
13060
13819
13823
13828
13824
13833
13829
13840
13871
13870
13874
13859
13886
13889
13898
13899
13914
13911
13918
13928
13917
13935
13934
13931
13904
13893
13937
13939
13938
13936
13877
13974
13961
13954
13982
13996
13995
13983
13979
14005
13999
13998
13948
13838
14013
14034
14020
14015
14036
14035
14058
14053
14043
14077
14084
14083
14072
14062
14039
14095
14107
14109
14110
14108
14121
14120
14145
14149
14160
14150
14147
14141
14162
14165
14161
14111
14178
14176
14181
14179
14174
14093
14185
14212
14214
14217
14215
14203
14193
14187
14221
14225
14223
14218
14182
14007
14229
14237
14232
14243
14251
14245
14253
14254
14252
14259
14266
14261
14242
14280
14287
14286
14290
14298
14294
14288
14281
14299
14301
14279
14273
14309
14308
14322
14326
14330
14328
14352
14344
14340
14337
14320
14362
14355
14382
14381
14393
14395
14391
14403
14406
14400
14409
14397
14388
14383
14371
14425
14418
14414
14365
14364
14433
14436
14435
14432
14428
14354
14304
14444
14450
14440
14458
14453
14469
14467
14460
14459
14485
14482
14492
14502
14490
14473
14451
14437
14228
14508
14515
14521
14518
14512
14528
14541
14545
14540
14557
14559
14548
14582
14576
14565
14584
14587
14609
14597
14527
14615
14618
14613
14629
14641
14647
14639
14650
14648
14668
14666
14681
14677
14693
14690
14684
14660
14704
14712
14706
14715
14699
14724
14732
14738
14739
14742
14737
14756
14755
14754
14761
14759
14780
14781
14787
14778
14796
14804
14802
14814
14815
14822
14817
14792
14826
14827
14825
14753
14838
14847
14850
14843
14855
14869
14880
14867
14881
14852
14851
14890
14891
14900
14892
14910
14908
14914
14919
14920
14936
14940
14938
14937
14945
14955
14957
14963
14962
14967
14949
14932
14913
14886
14837
14721
14620
14976
14978
14989
14994
14996
15001
15000
14997
14990
14971
14507
15017
15025
15035
15046
15051
15042
15026
15058
15056
15067
15080
15061
15055
15016
15098
15094
15089
15108
15112
15104
15085
15013
15140
15145
15144
15139
15138
15137
15132
15131
15154
15153
15155
15160
15164
15159
15157
15171
15165
15186
15182
15187
15189
15191
15175
15198
15201
15195
15209
15205
15172
15233
15237
15262
15263
15255
15228
15271
15264
15273
15279
15298
15288
15302
15283
15303
15275
15310
15320
15316
15307
15324
15272
15211
15340
15341
15345
15344
15337
15361
15354
15371
15365
15387
15384
15395
15380
15417
15400
15420
15419
15398
15396
15372
15363
15427
15331
15152
15457
15446
15440
15466
15469
15489
15493
15483
15471
15461
15495
15496
15494
15430
15120
15506
15514
15509
15516
15527
15528
15519
15543
15541
15532
15515
15560
15551
15547
15564
15567
15563
15570
15569
15584
15591
15596
15592
15606
15602
15610
15615
15622
15620
15627
15629
15626
15619
15614
15607
15597
15634
15650
15642
15651
15653
15676
15678
15675
15680
15679
15659
15637
15692
15703
15688
15706
15705
15630
15576
15544
15726
15727
15736
15737
15744
15732
15716
15745
15750
15747
15757
15753
15752
15751
15746
15768
15765
15779
15777
15772
15764
15715
15712
15503
15790
15808
15822
15818
15810
15834
15835
15838
15842
15847
15849
15850
15839
15852
15856
15853
15874
15873
15870
15862
15851
15885
15882
15894
15903
15904
15902
15897
15891
15907
15889
15829
15806
15918
15917
15919
15916
15927
15928
15934
15933
15926
15920
15945
15948
15956
15936
15974
15973
15959
16001
16027
16033
16037
16034
15993
15992
16044
16047
16055
16066
16056
16048
16040
16038
16093
16090
16087
16075
16095
16097
16102
16094
16074
15982
15958
16110
16115
16117
16119
16118
16122
16112
16128
16133
16145
16154
16149
16146
16140
16131
16125
16103
15913
16165
16173
16169
16176
16175
16163
16159
16179
16184
16180
16186
16189
16203
16191
16185
16222
16223
16219
16217
16224
16229
16242
16238
16251
16250
16246
16228
16268
16261
16275
16284
16278
16298
16296
16311
16300
16315
16316
16313
16287
16319
16273
16325
16328
16330
16327
16333
16335
16340
16332
16342
16366
16361
16356
16368
16355
16341
16326
16371
16373
16369
16380
16377
16375
16382
16389
16388
16374
16398
16412
16431
16430
16434
16433
16406
16405
16395
16450
16461
16440
16322
16257
16178
16468
16475
16483
16495
16488
16481
16498
16516
16500
16497
16476
16467
16519
16521
16518
16529
16531
16527
16533
16526
16538
16536
16539
16535
16524
16548
16554
16551
16558
16547
16571
16576
16574
16590
16569
16591
16563
16599
16600
16598
16597
16592
16606
16545
16617
16616
16610
16621
16624
16622
16634
16642
16638
16637
16635
16645
16656
16648
16671
16678
16679
16681
16677
16670
16658
16646
16631
16618
16690
16689
16697
16699
16698
16707
16711
16708
16727
16719
16737
16748
16755
16750
16756
16743
16730
16718
16763
16762
16767
16774
16779
16780
16775
16772
16793
16794
16781
16758
16706
16683
16799
16797
16803
16804
16802
16809
16810
16811
16821
16816
16807
16795
16608
16517
16463
16829
16827
16841
16839
16856
16850
16845
16871
16870
16864
16830
16886
16889
16891
16893
16914
16904
16918
16938
16941
16937
16949
16942
16954
16978
16971
16962
16953
16994
16990
16998
17020
17013
17008
17002
16979
17021
16917
17024
17031
17030
17023
16903
16882
16822
16158
15780
13816
12901
2500
481
17037
17057
17068
17065
17062
17076
17077
17073
17071
17086
17081
17080
17087
17091
17101
17112
17105
17089
17078
17115
17122
17117
17123
17149
17153
17143
17140
17129
17124
17166
17116
17113
17176
17170
17192
17182
17202
17197
17204
17196
17211
17236
17226
17238
17225
17216
17240
17250
17255
17254
17242
17239
17264
17270
17260
17274
17273
17291
17284
17280
17292
17309
17311
17306
17313
17300
17320
17318
17325
17327
17336
17339
17331
17322
17358
17360
17351
17368
17378
17361
17347
17297
17382
17402
17396
17395
17386
17411
17410
17422
17432
17413
17409
17459
17454
17470
17479
17477
17476
17438
17488
17491
17494
17495
17487
17505
17496
17434
17403
17381
17526
17536
17556
17546
17565
17524
17572
17571
17567
17578
17579
17581
17590
17597
17619
17622
17621
17624
17635
17630
17629
17618
17588
17582
17653
17657
17648
17647
17640
17637
17575
17519
17271
17169
17034
17665
17666
17668
17671
17667
17664
17692
17681
17700
17704
17709
17707
17732
17719
17733
17749
17739
17753
17757
17755
17752
17750
17718
17675
17761
17764
17767
17759
17781
17786
17785
17792
17793
17798
17797
17809
17791
17779
17816
17812
17831
17829
17818
17838
17837
17836
17811
17843
17841
17849
17848
17846
17875
17886
17885
17893
17889
17876
17902
17900
17869
17853
17903
17905
17904
17851
17839
17931
17930
17932
17920
17952
17957
17958
17953
17960
17981
17989
17988
17991
17965
17959
17949
18002
18006
18005
18014
18016
18019
18010
18000
18023
18027
18048
18067
18063
18078
18093
18091
18085
18052
18042
18028
18022
18112
18113
18109
18107
18096
17940
18129
18123
18121
18120
18130
18132
18119
18145
18137
18156
18165
18163
18152
18170
18168
18176
18194
18186
18182
18207
18215
18221
18218
18217
18198
18175
18167
18226
18231
18229
18222
18114
18237
18248
18246
18250
18241
18252
18260
18262
18261
18253
18271
18270
18269
18273
18267
18285
18292
18293
18291
18310
18308
18323
18317
18315
18299
18286
18278
18339
18342
18341
18331
18357
18349
18362
18379
18385
18383
18400
18395
18402
18401
18361
18327
18251
18235
18408
18424
18437
18438
18425
18404
18445
18440
18456
18460
18452
18472
18466
18446
18479
18481
18478
18403
17919
18485
18497
18501
18499
18496
18493
18514
18505
18515
18521
18531
18534
18535
18537
18550
18552
18551
18545
18532
18522
18557
18555
18570
18566
18564
18572
18580
18573
18581
18586
18583
18571
18608
18599
18610
18609
18613
18614
18612
18621
18620
18625
18627
18635
18633
18663
18668
18657
18648
18636
18671
18681
18679
18674
18683
18684
18685
18682
18690
18691
18703
18695
18686
18669
18619
18716
18719
18722
18727
18724
18718
18707
18587
18484
18731
18747
18741
18757
18766
18771
18777
18773
18765
18760
18748
18786
18802
18799
18798
18780
18808
18809
18807
18812
18813
18819
18826
18839
18833
18815
18861
18860
18847
18869
18866
18840
18810
18805
18871
18873
18879
18880
18892
18891
18897
18895
18902
18903
18904
18928
18925
18936
18948
18947
18949
18945
18952
18944
18934
18919
18905
18958
18962
18979
18974
18955
19003
18991
18990
19009
19008
18980
19016
19013
19023
19034
19031
19046
19054
19057
19041
19040
19037
19019
19012
19061
19069
19073
19074
19062
19060
18953
19082
19077
19094
19088
19111
19096
19118
19117
19132
19126
19076
19075
18898
18872
19141
19142
19148
19146
19152
19151
19155
19157
19156
19188
19185
19182
19181
19197
19192
19168
19165
19163
19154
19199
19204
19228
19232
19231
19221
19216
19200
19242
19248
19246
19240
19236
19143
19253
19258
19254
19252
19267
19271
19269
19273
19275
19276
19268
19283
19280
19288
19296
19292
19289
19311
19297
19284
19341
19336
19357
19355
19365
19361
19345
19378
19371
19379
19370
19334
19390
19385
19329
19320
19264
19137
19406
19432
19433
19422
19454
19449
19462
19471
19461
19480
19484
19482
19475
19485
19458
19444
19516
19507
19519
19506
19521
19531
19534
19529
19498
19435
19538
19543
19541
19548
19550
19549
19561
19556
19562
19567
19572
19580
19582
19581
19578
19595
19585
19571
19564
19546
19536
19599
19605
19630
19629
19619
19633
19632
19645
19649
19637
19636
19656
19660
19662
19663
19658
19673
19670
19655
19654
19603
19598
19682
19708
19713
19723
19721
19696
19735
19731
19728
19688
19737
19741
19744
19740
19745
19749
19761
19768
19771
19762
19753
19776
19783
19791
19803
19804
19800
19806
19796
19778
19772
19813
19816
19834
19831
19824
19839
19852
19859
19858
19835
19821
19817
19863
19812
19867
19873
19874
19884
19878
19876
19864
19736
19887
19898
19901
19896
19913
19917
19921
19919
19927
19918
19938
19933
19940
19929
19902
19948
19951
19958
19980
19983
19996
20001
20007
19998
19990
19985
19952
19950
20016
20013
20023
20020
20025
20033
20059
20066
20039
20031
20072
20071
20074
20068
20019
20079
20087
20084
20101
20076
20104
20111
20108
20119
20121
20117
20142
20129
20116
20144
20113
20145
20157
20159
20150
20112
20164
20168
20174
20167
20182
20195
20198
20191
20205
20209
20207
20206
20201
20200
20161
20103
19942
19885
20211
20218
20215
20236
20224
20219
20239
20237
20212
20242
20243
20245
20241
20250
20253
20258
20263
20266
20280
20276
20284
20285
20286
20281
20291
20288
20297
20300
20306
20307
20298
20296
20254
20249
20311
20324
20330
20329
20318
20338
20339
20342
20332
20348
20350
20354
20365
20357
20372
20368
20367
20344
20383
20389
20386
20397
20391
20405
20402
20399
20390
20381
20308
20419
20427
20411
20431
20434
20428
20449
20448
20446
20456
20455
20464
20458
20452
20490
20483
20475
20471
20498
20503
20504
20511
20513
20509
20508
20530
20529
20535
20541
20544
20536
20527
20496
20435
20407
20547
20555
20563
20564
20561
20558
20552
20569
20573
20570
20578
20574
20585
20594
20591
20603
20601
20605
20607
20599
20580
20642
20652
20648
20645
20656
20659
20655
20637
20565
20660
20676
20675
20672
20669
20546
20684
20685
20692
20712
20708
20704
20701
20698
20690
20715
20688
20723
20718
20732
20730
20736
20735
20734
20744
20741
20753
20762
20747
20766
20782
20775
20788
20805
20807
20798
20795
20786
20746
20812
20823
20824
20822
20816
20814
20809
20836
20848
20860
20851
20844
20837
20865
20864
20832
20884
20883
20866
20738
20725
20687
20901
20905
20911
20918
20926
20920
20916
20906
20948
20963
20954
20951
20938
20975
20988
20987
20998
20993
20985
20983
21007
21012
21021
21019
21002
20972
21029
21027
20931
20890
20888
21032
21036
21045
21048
21046
21040
21061
21077
21091
21076
21096
21093
21073
21101
21108
21104
21125
21121
21128
21132
21127
21103
21098
21050
21140
21153
21148
21154
21143
21167
21161
21171
21170
21169
21168
21159
21155
21187
21192
21194
21201
21202
21213
21215
21223
21204
21203
21196
21185
21230
21227
21246
21239
21253
21258
21257
21231
21177
21135
21270
21269
21274
21266
21297
21291
21300
21299
21306
21304
21303
21290
21275
21259
21031
20678
21310
21311
21320
21336
21334
21344
21319
21345
21349
21313
21354
21371
21372
21375
21374
21380
21384
21386
21378
21352
21394
21351
21406
21408
21405
21427
21439
21429
21455
21419
21409
21477
21485
21486
21487
21489
21506
21508
21495
21494
21488
21509
21470
21515
21518
21517
21538
21550
21554
21547
21564
21563
21568
21560
21573
21570
21534
21589
21584
21581
21580
21513
21463
21606
21604
21607
21619
21630
21623
21640
21647
21631
21617
21610
21657
21653
21671
21670
21672
21661
21676
21659
21648
21679
21683
21677
21688
21687
21686
21694
21685
21592
21697
21705
21698
21714
21717
21706
21721
21720
21728
21730
21729
21726
21718
21696
21396
21736
21743
21749
21755
21754
21744
21758
21764
21732
21731
21309
20210
19676
21768
21784
21783
21779
21791
21797
21819
21816
21821
21810
21785
21828
21825
21765
21833
21840
21832
21841
21845
21857
21862
21866
21867
21882
21879
21861
21849
21886
21887
21892
21893
21902
21900
21914
21910
21890
21921
21920
21916
21930
21935
21947
21952
21951
21950
21945
21940
21962
21964
21971
21972
21967
21936
21925
21979
22000
21986
22011
22022
22018
22017
22024
22003
22028
22030
22027
22039
22035
22045
22040
22047
22056
22053
22061
22051
22050
22066
22063
22031
22075
22074
22082
22086
22077
22091
22088
22100
22094
22105
22076
22001
21974
21883
21842
22112
22116
22126
22129
22128
22138
22137
22144
22143
22139
22145
22133
22150
22149
22131
22153
22154
22152
22186
22184
22190
22183
22195
22191
22201
22207
22205
22216
22215
22197
22181
22170
22223
22230
22224
22235
22232
22238
22222
22241
22240
22245
22249
22250
22264
22281
22282
22274
22258
22304
22315
22313
22301
22323
22321
22320
22334
22326
22355
22354
22351
22357
22344
22341
22338
22335
22324
22364
22368
22365
22360
22359
22375
22371
22376
22369
22294
22385
22384
22383
22380
22401
22397
22418
22421
22416
22395
22378
22430
22432
22443
22437
22433
22451
22450
22431
22427
22247
22218
22127
22468
22467
22465
22471
22482
22463
22486
22485
22459
22496
22489
22518
22514
22519
22528
22525
22536
22524
22538
22558
22556
22566
22560
22542
22537
22523
22577
22575
22584
22583
22593
22595
22598
22613
22623
22611
22608
22585
22624
22582
22631
22628
22652
22644
22639
22625
22578
22657
22655
22672
22676
22680
22674
22668
22682
22687
22712
22719
22724
22716
22693
22733
22730
22683
22654
22738
22737
22734
22568
22758
22752
22751
22487
22763
22770
22784
22781
22805
22790
22789
22816
22831
22851
22838
22837
22833
22832
22827
22815
22867
22861
22860
22812
22887
22903
22890
22879
22913
22909
22917
22916
22915
22905
22924
22927
22925
22929
22922
22870
22779
22765
22760
22941
22946
22976
22986
22991
22997
22994
22993
22992
23012
23006
23003
23000
23016
23019
23021
23031
23056
23057
23053
23042
23038
23064
23070
23069
23071
23085
23095
23099
23092
23078
23077
23028
23013
22982
23106
23103
23100
22933
23113
23116
23112
23110
23119
23121
23127
23124
23122
23132
23151
23147
23145
23144
23143
23140
23137
23118
23109
23158
23164
23168
23165
23169
23171
23176
23180
23192
23191
23187
23195
23193
23175
23170
23163
23196
23210
23213
23216
23220
23229
23228
23221
23214
23244
23246
23239
23254
23256
23259
23247
23237
23202
23200
23270
23267
23272
23276
23274
23280
23271
23285
23284
23298
23305
23303
23290
23316
23310
23318
23307
23286
23282
23329
23331
23336
23340
23345
23348
23355
23357
23352
23347
23332
23322
23260
23371
23373
23387
23377
23410
23395
23411
23393
23418
23420
23419
23391
23423
23428
23426
23431
23429
23425
23444
23441
23422
23368
23157
22111
21831
19394
18729
23448
23463
23454
23468
23467
23472
23470
23488
23478
23492
23491
23452
23502
23509
23516
23505
23504
23518
23519
23529
23531
23527
23539
23543
23556
23550
23538
23537
23525
23517
23573
23569
23563
23498
23582
23587
23593
23595
23591
23613
23610
23614
23617
23602
23622
23630
23626
23619
23637
23652
23638
23669
23661
23681
23679
23636
23689
23695
23709
23692
23686
23598
23724
23721
23732
23738
23736
23744
23765
23790
23782
23768
23766
23750
23797
23794
23741
23809
23812
23821
23825
23819
23831
23830
23828
23840
23835
23814
23799
23847
23854
23857
23841
23728
23860
23868
23863
23713
23877
23895
23894
23893
23888
23879
23904
23899
23912
23913
23919
23918
23924
23927
23922
23907
23897
23936
23933
23932
23956
23948
23944
23939
23980
23976
23967
23966
23928
23991
23989
23996
23995
24004
24007
24005
24001
24013
24020
24023
24024
24025
24038
24027
24039
24022
24021
24018
24012
24049
24047
24053
24052
24068
24066
24058
24057
24040
24087
24084
24079
24107
24098
24110
24109
24069
23999
23988
23876
23581
24120
24140
24150
24147
24137
24125
24156
24154
24123
24165
24174
24170
24180
24184
24182
24166
24188
24189
24185
24193
24203
24200
24192
24214
24217
24219
24216
24225
24247
24222
24208
24252
24260
24253
24250
24191
24158
24271
24274
24273
24265
24118
24277
24280
24278
24288
24295
24300
24305
24301
24297
24313
24325
24335
24330
24328
24347
24345
24337
24320
24312
24356
24351
24293
24363
24375
24386
24397
24365
24361
24275
23576
24405
24418
24411
24409
24407
24428
24437
24440
24432
24431
24426
24398
24444
24448
24450
24466
24455
24470
24479
24474
24468
24467
24496
24490
24516
24527
24512
24535
24546
24551
24548
24553
24538
24554
24561
24560
24571
24556
24530
24511
24576
24577
24589
24588
24595
24600
24611
24617
24616
24605
24594
24646
24634
24670
24674
24664
24647
24687
24684
24681
24695
24699
24700
24698
24690
24633
24708
24707
24706
24717
24712
24724
24718
24703
24626
24734
24732
24727
24739
24737
24768
24774
24776
24773
24781
24780
24757
24754
24725
24791
24805
24796
24794
24818
24814
24812
24792
24789
24826
24838
24831
24829
24859
24858
24841
24866
24870
24873
24863
24821
24787
24574
24891
24893
24898
24894
24892
24902
24909
24904
24901
24910
24900
24899
24918
24933
24925
24924
24945
24944
24920
24964
24954
24965
24950
24913
24874
24482
24443
24972
24978
24973
24986
24988
24992
24984
25019
25021
25016
25004
24996
25029
25034
25025
25037
25045
25035
25066
25061
25091
25110
25105
25103
25090
25117
25118
25123
25113
25051
25140
25132
25127
25125
25151
25157
25160
25169
25164
25179
25184
25180
25175
25153
25192
25197
25195
25194
25207
25211
25215
25219
25212
25208
25202
25199
25193
25233
25188
25149
25024
25238
25242
25245
25258
25262
25267
25264
25286
25284
25290
25299
25308
25306
25302
25294
25268
25255
25254
25239
25320
25311
25323
25322
25310
25334
25336
25344
25337
25328
25349
25345
25327
25362
25361
25368
25367
25376
25373
25369
25365
25384
25380
25386
25392
25400
25411
25394
25429
25419
25433
25390
25445
25447
25459
25468
25467
25479
25478
25485
25472
25452
25446
25443
25357
25494
25492
25498
25504
25511
25512
25513
25508
25503
25516
25518
25525
25517
25487
25538
25539
25544
25537
25545
25553
25551
25568
25559
25584
25594
25571
25602
25604
25605
25611
25637
25640
25629
25659
25657
25667
25670
25656
25655
25644
25618
25607
25675
25680
25684
25682
25688
25686
25679
25698
25700
25703
25695
25710
25708
25706
25690
25671
25719
25733
25730
25727
25741
25740
25744
25743
25742
25739
25720
25716
25751
25749
25755
25774
25771
25769
25790
25754
25793
25802
25800
25807
25795
25791
25715
25598
25810
25808
25535
25819
25839
25845
25838
25836
25833
25851
25861
25858
25862
25854
25850
25867
25870
25872
25869
25880
25886
25885
25891
25889
25876
25865
25905
25907
25902
25922
25923
25926
25920
25928
25911
25936
25939
25937
25944
25946
25951
25953
25955
25952
25949
25941
25970
25972
25973
25974
25981
25993
25991
25988
25985
25998
25996
25980
26003
26001
26005
25999
26014
26006
26023
26025
26027
26017
26028
25956
25934
26037
26044
26030
26057
26058
26053
26063
26074
26081
26069
26105
26119
26126
26122
26109
26107
26092
26130
26129
26135
26133
26087
26029
25892
26139
26156
26142
26169
26162
26184
26182
26187
26189
26193
26185
26181
26196
26203
26199
26204
26225
26228
26217
26195
26161
26137
25814
25354
25236
26237
26236
26241
26253
26248
26273
26267
26266
26282
26245
26231
26291
26309
26302
26288
26317
26319
26314
26313
26285
26283
26330
26323
26338
26331
26345
26348
26339
26359
26350
26368
26369
26381
26386
26391
26387
26377
26361
26320
26395
26394
26393
26400
26392
26404
26406
26407
26409
26415
26420
26424
26421
26418
26414
26433
26434
26428
26442
26441
26443
26439
26412
26452
26454
26451
26463
26473
26466
26464
26482
26491
26497
26495
26476
26504
26503
26511
26514
26516
26518
26513
26522
26525
26520
26526
26528
26527
26519
26506
26499
26448
26537
26539
26546
26559
26554
26552
26563
26545
26532
26570
26574
26567
26577
26579
26576
26594
26588
26587
26586
26445
26403
26616
26618
26619
26620
26632
26636
26638
26637
26627
26643
26641
26623
26602
26601
26230
24966
26665
26674
26664
26682
26691
26686
26702
26684
26704
26716
26723
26727
26737
26732
26711
26703
26742
26744
26747
26746
26754
26750
26748
26757
26761
26756
26775
26762
26755
26790
26787
26796
26797
26776
26814
26809
26808
26825
26823
26837
26832
26838
26818
26846
26862
26864
26861
26839
26895
26892
26890
26900
26899
26889
26906
26901
26910
26911
26907
26877
26926
26930
26927
26937
26932
26925
26920
26918
26874
26951
26950
26944
26816
26738
26959
26962
26964
26967
26989
26978
26994
27002
26998
27010
27005
27019
26995
26993
27031
27033
27039
27047
27035
27026
27025
26976
27057
27051
27050
27071
27074
27063
27077
27076
27088
27093
27086
27095
27120
27111
27110
27121
27123
27124
27126
27125
27122
27103
27145
27143
27136
27127
27062
27155
27161
27168
27167
27164
27173
27174
27171
27170
27189
27195
27199
27191
27175
27202
27204
27223
27221
27219
27217
27200
27162
27159
27238
27237
27251
27252
27246
27236
27254
27258
27257
27225
27152
27265
27267
27266
27276
27285
27272
27290
27287
27294
27298
27309
27306
27305
27302
27291
27270
27261
27316
27319
27327
27335
27340
27329
27324
27344
27352
27354
27350
27341
27374
27377
27375
27384
27363
27362
27399
27421
27412
27407
27397
27426
27434
27449
27455
27457
27463
27465
27460
27436
27431
27423
27474
27471
27485
27503
27510
27483
27467
27390
27356
27512
27519
27518
27521
27532
27533
27546
27534
27552
27529
27554
27520
27517
27312
26958
27559
27573
27568
27593
27606
27597
27592
27611
27609
27614
27613
27616
27608
27590
27585
27619
27623
27617
27638
27644
27647
27642
27650
27660
27663
27661
27632
27676
27674
27666
27629
27682
27685
27680
27677
27691
27702
27695
27708
27707
27717
27719
27713
27726
27724
27720
27694
27624
27565
27730
27746
27734
27751
27732
27729
27765
27764
27775
27776
27772
27797
27793
27811
27810
27821
27806
27790
27789
27782
27846
27842
27869
27853
27851
27849
27848
27877
27872
27886
27870
27833
27893
27891
27894
27887
27757
27557
26677
27897
27902
27903
27898
27896
27937
27923
27943
27939
27948
27955
27947
27962
27979
27988
27959
27989
27938
27907
27996
28000
27999
28009
28021
28022
28030
28023
28037
28063
28066
28058
28053
28080
28073
28084
28087
28109
28107
28102
28099
28085
28070
28035
28012
28114
28116
28123
28125
28118
28140
28141
28144
28153
28154
28149
28163
28182
28172
28156
28193
28190
28196
28185
28200
28201
28155
28137
28215
28214
28216
28207
28224
28227
28234
28238
28240
28235
28244
28252
28257
28251
28233
28228
28222
28263
28272
28271
28258
28277
28292
28297
28293
28278
28276
28304
28302
28306
28312
28316
28313
28318
28330
28344
28347
28338
28335
28350
28355
28359
28365
28356
28371
28369
28352
28379
28399
28401
28404
28396
28378
28375
28326
28325
28411
28413
28407
28430
28423
28435
28445
28438
28437
28414
28447
28462
28461
28454
28469
28452
28488
28486
28485
28479
28506
28507
28495
28494
28450
28515
28517
28526
28512
28536
28545
28552
28560
28559
28563
28571
28585
28582
28567
28597
28605
28589
28608
28610
28555
28537
28533
28511
28614
28618
28625
28624
28622
28613
28406
28628
28636
28642
28656
28643
28658
28660
28640
28638
28665
28671
28679
28673
28692
28699
28706
28701
28724
28725
28700
28691
28669
28663
28733
28737
28731
28730
28756
28753
28740
28739
28661
28771
28775
28773
28765
28779
28778
28764
28627
28305
28217
28110
28800
28807
28789
28829
28847
28850
28849
28844
28853
28862
28873
28857
28854
28851
28889
28887
28895
28899
28891
28876
28908
28913
28922
28919
28927
28925
28915
28934
28947
28959
28939
28931
28905
28824
28783
28974
28972
28983
28985
28979
28975
28988
28986
28963
28998
28999
29000
29005
29003
29014
29011
29019
29035
29027
29016
29015
28996
29062
29061
29064
29058
29039
29068
29082
29085
29090
29087
29100
29115
29116
29104
29095
29077
29125
29134
29118
29149
29152
29143
29142
29157
29165
29177
29178
29163
29183
29194
29193
29208
29190
29162
29156
29214
29218
29219
29215
29221
29220
29226
29236
29238
29237
29242
29241
29249
29246
29223
29210
29264
29260
29265
29272
29281
29285
29282
29273
29266
29302
29301
29295
29255
29135
29306
29307
29304
29326
29331
29320
29318
29310
29340
29341
29345
29355
29351
29356
29349
29377
29372
29366
29365
29346
29338
29387
29383
29389
29390
29393
29397
29399
29400
29406
29398
29388
29378
29303
29037
29409
29408
29421
29426
29419
29441
29444
29457
29458
29459
29460
29448
29467
29473
29466
29484
29462
29439
29502
29501
29512
29523
29528
29524
29520
29507
29506
29531
29543
29544
29541
29533
29529
29562
29564
29576
29574
29581
29587
29608
29600
29614
29578
29573
29563
29627
29623
29548
29642
29652
29650
29662
29660
29656
29666
29667
29671
29653
29689
29691
29693
29696
29697
29695
29688
29629
29704
29707
29713
29712
29720
29716
29723
29726
29725
29722
29728
29731
29737
29744
29746
29734
29721
29748
29772
29778
29758
29786
29784
29788
29795
29800
29814
29812
29820
29803
29798
29787
29783
29829
29828
29832
29825
29821
29860
29853
29872
29879
29876
29875
29884
29883
29862
29889
29896
29886
29852
29842
29747
29698
29497
29407
28962
29914
29916
29919
29911
29905
29929
29931
29934
29939
29967
29954
29933
29900
27995
29986
29993
29992
29983
30000
30010
30015
30021
30028
30042
30053
30047
30035
30033
30058
30054
30025
30018
30009
29979
30064
30065
30066
30072
30078
30080
30082
30076
30088
30083
30096
30095
30109
30106
30101
30116
30115
30120
30129
30126
30113
30093
30133
30137
30154
30167
30168
30161
30139
30181
30131
30198
30215
30194
30221
30217
30190
30187
30231
30234
30239
30252
30241
30258
30257
30237
30233
30229
30263
30277
30276
30280
30262
30259
30285
30292
30291
30286
30301
30303
30317
30314
30305
30300
30324
30326
30331
30329
30323
30296
30342
30338
30332
30282
30222
30348
30383
30372
30365
30352
30389
30400
30409
30418
30428
30430
30432
30434
30429
30416
30407
30401
30448
30441
30435
30456
30458
30470
30469
30461
30460
30457
30481
30482
30491
30480
30497
30492
30473
30449
30392
30386
30346
30071
30062
30510
30512
30513
30505
30524
30519
30534
30544
30543
30549
30556
30557
30545
30542
30559
30560
30558
30535
30572
30570
30568
30585
30592
30590
30596
30597
30605
30599
30614
30616
30620
30607
30623
30622
30594
30583
30629
30626
30633
30643
30642
30648
30639
30638
30652
30634
30632
30658
30656
30664
30670
30688
30704
30711
30696
30674
30662
30624
30526
30721
30720
30727
30737
30734
30732
30723
30754
30763
30762
30755
30745
30718
30773
30767
30786
30792
30790
30788
30799
30798
30782
30801
30800
30766
30500
29969
27895
30814
30821
30848
30842
30826
30817
30860
30862
30867
30873
30866
30878
30884
30881
30899
30896
30890
30877
30863
30913
30909
30905
30858
30850
30916
30918
30930
30928
30925
30923
30936
30933
30938
30952
30949
30946
30937
30972
30981
30980
30979
30975
31001
30994
30986
31004
30983
31009
31027
31028
31025
31031
31036
31033
31030
31054
31048
31044
31059
31063
31062
31077
31066
31055
31091
31094
31105
31100
31110
31096
31115
31088
31020
30959
31122
31117
31125
31134
31131
31137
31130
31150
31148
31142
31157
31168
31164
31171
31172
31170
31156
31124
31180
31185
31182
31188
31187
31216
31202
31224
31218
31227
31225
31237
31245
31241
31267
31247
31246
31277
31270
31269
31268
31280
31286
31302
31299
31281
31278
31233
31197
31303
31312
31304
31332
31324
31342
31347
31351
31353
31357
31356
31355
31343
31334
31368
31370
31371
31375
31388
31391
31385
31384
31393
31364
31402
31400
31416
31419
31411
31426
31424
31409
31447
31450
31464
31456
31472
31442
31399
31321
31177
30915
31475
31477
31490
31486
31496
31498
31503
31502
31510
31517
31529
31533
31519
31499
31495
31546
31555
31588
31581
31577
31552
31480
31474
31598
31593
31603
31602
31607
31609
31608
31619
31618
31616
31604
31600
31638
31642
31641
31640
31635
31646
31645
31653
31652
31644
31628
31688
31677
31668
31660
31690
31695
31700
31694
31689
31622
31704
31714
31705
31718
31723
31721
31729
31727
31730
31736
31745
31751
31758
31757
31766
31748
31731
31724
31771
31720
31703
31701
31591
31783
31780
31788
31794
31806
31803
31785
31816
31818
31807
31826
31830
31829
31838
31831
31825
31852
31853
31860
31857
31861
31844
31842
31819
31868
31866
31890
31877
31907
31894
31869
31914
31911
31909
31864
31863
31773
31920
31938
31931
31940
31945
31951
31944
31941
31956
31959
31971
31968
31975
31977
31965
31954
31998
32010
32004
31997
31993
32016
32018
32032
32020
32013
32045
32041
32053
32046
32033
32055
32059
32071
32080
32078
32083
32099
32103
32089
32057
32054
32012
32112
32119
32143
32165
32173
32169
32177
32176
32187
32181
32179
32174
32194
32205
32210
32197
32213
32211
32215
32218
32191
32145
32221
32235
32239
32229
32242
32220
32136
32108
32252
32250
32267
32258
32256
31988
32279
32284
32289
32298
32304
32303
32292
32312
32322
32323
32314
32311
32285
32336
32349
32351
32367
32375
32368
32380
32364
32363
32347
32382
32390
32409
32424
32423
32407
32428
32433
32443
32453
32463
32461
32459
32445
32439
32425
32386
32383
32381
32483
32482
32473
32470
32484
32487
32496
32493
32504
32513
32539
32537
32535
32530
32526
32510
32500
32548
32566
32545
32570
32572
32567
32576
32579
32573
32542
32589
32588
32593
32594
32586
32582
32490
32608
32605
32623
32624
32626
32630
32629
32628
32613
32641
32644
32639
32637
32648
32647
32659
32660
32664
32666
32675
32669
32662
32649
32646
32609
32468
32334
32270
32682
32686
32687
32702
32703
32691
32689
32713
32717
32715
32719
32725
32722
32731
32726
32752
32763
32765
32762
32740
32718
32712
32681
31918
30813
26663
23445
17658
