9682 9719 18 29 71757646
5746 5958 19 24 1942485264
6485 6864 4 23 1026299517
6287 7026 2 46 1658392984
9759 10331 4 42 751957217
5016 5516 15 99 1649298355
8241 8635 15 63 611553970
6855 7112 3 73 948820016
8015 8814 13 64 402753549
5440 6326 16 114 1563418310
6544 7191 17 25 864105122
8542 9529 6 11 978066874
8564 8731 7 47 1807808526
9818 10442 10 83 813016776
6340 6647 20 88 1289721729
6297 6681 15 55 819755050
6940 7846 1 83 1917868693
6360 7325 12 19 1108314209
5159 5957 13 72 1077486399
9962 10375 17 95 718980923
8599 9463 18 84 1976127208
9888 9952 14 38 358842172
5972 6145 19 88 969209171
5596 6544 3 78 1272171024
7483 8160 19 66 1287232805
5922 6793 17 93 323796699
6561 6759 11 74 540064700
8747 8752 2 73 168142818
7978 8684 3 38 842386595
6631 7057 20 86 1530611243
5392 6349 19 42 1428179524
8418 8453 1 60 735010415
7789 8765 10 18 406088489
8646 9226 7 104 1177902302
5556 6298 1 18 1636002253
5703 6124 17 48 1968859459
9576 10437 2 50 1711497543
8596 9067 5 89 319835360
5289 6102 8 102 1362350654
7181 7325 15 87 386501035
8126 8183 12 72 228608760
9363 9582 20 86 447438602
8547 9246 5 92 412213716
6228 7079 3 70 1008100256
8472 8831 7 85 1774711005
5558 6256 15 98 966497187
8265 8510 16 98 74440631
8833 9584 18 36 414562625
5125 5860 10 91 1975895174
6221 6701 20 65 934098646
8692 8838 15 81 1149986086
5824 6325 18 46 734434391
5758 5922 19 37 246003471
7736 7859 4 38 1913802716
7333 7448 5 21 391444075
5743 6579 3 13 1985070322
6079 6341 1 57 500378647
9457 10235 13 44 1107367185
6925 7105 19 104 9324602
5736 6014 12 93 1827966377
9171 9943 17 48 249019479
8436 9110 16 56 972558808
8467 9058 20 114 526651908
8571 9118 2 25 6039389
7105 8043 1 98 936965698
9708 10393 15 93 250455414
6673 6699 17 26 102154975
5216 6117 10 27 1440565509
9459 10444 13 59 670753151
6973 7229 17 99 1627549531
9078 9436 7 68 194859070
6458 7124 10 57 1776531579
8339 9125 19 112 1405575160
7385 7419 1 25 975549090
8903 9622 7 27 542049013
7520 7827 2 8 1724461215
7333 7561 18 80 1307578847
5293 6138 11 94 1683427954
8871 9175 20 90 1885558815
7848 8710 7 45 1191993841
5065 5877 5 75 707569498
8045 8504 8 51 27166964
8073 8506 16 22 1748233961
6050 6887 19 111 1535202553
9983 10046 12 30 1800253608
5417 6105 5 64 1819422279
9223 10066 4 84 1315396135
9117 9565 11 89 331156376
9179 9369 3 81 21668899
5687 6371 5 64 1022105237
5056 5117 18 90 1802332418
9448 10422 14 74 1035234824
9397 10137 14 92 1612499692
5114 5519 13 29 1447910809
6178 6508 20 24 940685009
6751 7478 7 78 1318578698
9071 9265 16 83 313600533
5400 6119 12 82 1991639477
6683 7577 14 67 1022990489
8084 8295 15 49 677827441
6456 7338 2 72 1813180335
5325 5534 18 28 783993163
9709 9849 8 14 596052434
7202 8027 14 49 1716244743
7627 7915 13 19 797244231
9802 9953 10 60 1919258379
7852 8540 3 58 90969739
8834 9620 15 105 871341403
9079 10006 19 75 498304016
9450 10323 17 116 1334986505
7811 7872 10 46 1599979378
9569 10563 13 112 272126680
5798 6403 19 88 1905005440
6641 6955 2 83 1735431669
5425 5779 13 34 1431586798
7253 7551 14 40 1211932961
5067 5993 17 62 452598232
6180 7022 18 65 1132604461
8493 8694 5 63 217750212
6513 7136 11 76 181225607
9510 10234 12 106 840763279
7006 7665 12 63 1199603113
7386 7713 13 32 716995355
8751 8918 2 17 66651045
5533 6299 6 72 677801346
7075 7797 6 88 1811751451
9425 9690 8 12 693757256
5513 6488 10 53 1001102502
5259 6107 6 102 861477781
7695 8291 12 59 1069177543
6192 6592 5 26 465449225
8122 8631 3 55 301411747
6720 7561 5 53 808924440
5176 5917 4 25 1229308263
6052 6073 20 37 117985321
8871 8945 13 43 152276388
6863 7720 3 35 1596320286
8818 9573 4 77 1341712210
7234 7851 19 59 1856862699
7146 7256 7 79 1105580310
7340 7833 17 39 1866647340
8566 9041 19 25 1992534681
5189 5746 11 50 1753654103
6600 7211 7 48 1782603166
5254 5260 17 84 1722757249
6315 7040 13 65 1422070482
9997 10348 8 97 1902877968
8313 8703 17 82 1781903241
7633 7975 20 78 1006735487
8897 8902 5 56 1011351934
5305 5774 18 43 1999005089
5894 6159 19 70 312577557
7084 7891 4 70 1967652400
8584 9570 7 15 1095094713
7011 7764 20 38 481505806
9212 9371 15 19 1604419950
9957 10918 10 19 1920486039
6511 7482 16 53 255820973
6824 7705 16 51 538751600
5801 5991 9 57 1058741405
9533 10078 14 30 1610368699
6111 6232 19 59 255588158
8054 8204 14 72 856054417
9080 9386 17 98 651494914
8719 9080 1 62 1115533577
7352 7545 17 33 1278121926
9467 10179 5 41 1037054859
8068 8206 8 75 105897727
5725 5975 20 90 1681236445
9788 10588 3 52 1468017254
6510 6800 15 55 1867711170
7440 7654 7 100 1340806899
6962 7334 5 44 872012485
8459 8755 7 17 1375134873
8739 9459 1 6 425357962
9981 9993 8 67 1128925484
6853 7518 8 20 772356688
9119 9295 8 77 1686801339
8165 8717 16 71 1752802567
7844 7913 18 75 826182028
5708 5850 7 75 817522340
7791 8368 15 94 753177593
8736 9405 19 96 63684973
6143 6803 1 89 1269233189
8558 8598 10 54 610785362
6911 7272 11 107 1114162811
6363 6540 5 18 1707331376
8570 9054 12 70 182248328
7585 8509 12 56 1081973549
6904 7649 15 26 1844620476
9007 9617 10 109 1980807266
9483 9886 15 71 967743283
9829 10425 3 63 1160300182
8252 8716 14 104 1998304909
9455 9996 5 36 1063604682
8808 9695 20 54 1901984571
5543 5641 8 29 1262604041
7056 7876 13 83 1591955431
9818 10576 14 94 115395368
5048 5053 8 58 804883153
9618 10128 12 100 644490818
7700 8517 11 33 255384121
7492 7873 7 94 1834665666
5881 6554 17 34 813945524
9894 10331 20 71 896641127
8604 9024 10 56 1170529747
5000 5416 1 49 946938066
9407 9613 6 28 1049553153
5206 6105 15 77 1140508971
5321 5591 17 73 1381568031
8294 8836 17 26 148336887
5771 6693 12 17 1729369784
8892 9822 20 108 293146850
6569 7407 17 77 1162703145
5488 6105 5 90 87741754
8111 8730 10 76 1125847495
8236 8256 16 72 1616195105
8511 8895 12 15 102964150
6769 6830 16 55 1361938425
7556 7952 4 16 155869908
8298 9233 6 37 502893440
5154 5556 19 109 1122950137
7032 7101 6 22 1686442638
7793 8371 12 88 342922650
8503 8582 11 74 1028652023
7335 7394 6 97 1143788140
9140 9438 20 118 854463739
8853 9227 6 24 328742960
6435 6813 10 45 1916430373
5048 5940 9 18 65594043
8653 9076 1 15 1370360025
5602 6504 13 87 158642170
7238 8044 5 29 1420593304
6125 6854 3 39 1994379895
7285 8080 14 24 1307183537
9596 10128 19 22 1720156877
7276 8104 13 61 1175900941
6608 7021 1 68 791356314
7248 8058 3 83 222389499
5005 5576 5 53 147036957
8938 9930 20 50 1693861259
9412 10186 16 24 942674716
6189 6758 19 71 955983699
7505 8223 4 83 341690064
8412 8449 1 36 916225850
9417 10349 4 16 1761553196
5288 5706 3 37 176053623
8053 8973 15 22 99525339
7706 7955 15 92 1412630770
9049 9481 3 40 1002410593
5708 6181 16 74 890583912
5468 5542 1 31 46310783
8864 8955 16 74 1547695289
5596 6371 19 111 135953199
8026 8754 4 58 1625922945
7098 7887 19 112 1572172118
8566 9493 1 77 50040548
8331 8811 11 86 1564464241
6794 7302 1 1 838299479
6638 6698 14 45 722413595
6575 7350 4 62 1885699885
6140 6285 16 68 1272396381
6087 6188 10 13 1649902150
6726 7398 16 98 486342694
5685 6449 7 82 833032474
5305 5684 20 76 533479568
9976 10364 7 86 515729381
7973 8192 16 97 460077138
9419 10079 5 100 1450319911
6011 6303 18 91 50987721
6349 6461 19 70 152442765
9359 10116 20 26 1540539611
8203 8615 11 32 712435985
7264 7277 11 32 82951676
9840 10474 11 18 1119177008
8525 8780 9 39 1757315864
5018 5742 1 75 1359731381
9813 10492 17 40 1396126736
6079 6809 15 49 1694841686
9573 9796 15 23 725752509
7566 7911 19 106 1706537303
5427 5509 18 112 129329211
6519 6797 17 81 1549197717
5796 6280 12 60 377417247
8888 9842 4 44 851973527
6933 7814 18 22 536833738
8070 8524 20 68 1496189238
9429 9927 8 42 1208288616
5454 6024 18 35 170842876
5966 6150 14 15 659764210
8504 9291 14 88 1099342359
5716 6144 16 18 313068827
7390 7639 7 67 1375427640
7270 7392 1 23 567141241
9248 9837 7 86 133394147
7181 7973 6 34 362892171
9975 10929 15 44 1231192255
6693 7006 8 46 1536895334
5690 5827 3 46 1085296051
7707 8416 10 17 1744890170
7348 7658 14 24 1835338970
9198 9930 2 49 912360426
8483 9262 20 32 348904405
9117 9571 6 11 1780087487
6094 6850 6 7 399667544
8257 9131 20 112 764394920
7133 7818 4 20 141034647
7284 7835 4 84 1268193273
7795 8444 4 5 566751176
5366 5761 2 99 542885991
8715 8802 16 91 1967618696
9755 9817 13 37 1360052691
5051 5602 18 48 1372582546
6312 7116 6 64 1244100324
8671 9108 2 72 1387798268
8973 9507 8 42 1432002392
8671 9317 15 80 173977230
6838 6960 19 97 771819385
6420 7105 9 103 861196665
5984 6119 20 41 1152194222
8926 9841 1 35 1769584876
9993 10020 11 106 1702802211
9453 9691 6 53 794455131
9066 9578 8 38 950081665
9168 9750 16 108 344053406
9724 10392 19 30 943304870
8084 8384 17 70 453476038
9086 10006 8 85 1634692303
6864 7450 12 63 310833519
7457 8087 6 19 238666541
7000 7705 12 110 1073340255
6478 6717 5 13 1454874668
6493 6924 10 29 813480782
7240 7559 3 4 380228038
8829 9781 4 87 421223162
8018 8790 15 92 751099019
9450 10247 17 45 1353151451
8254 8836 2 43 69979288
9159 9475 5 42 1045104789
9032 9702 10 75 1737328258
5247 5547 8 57 1366325468
5062 5604 17 66 870220402
5219 5913 6 104 664983409
6779 7580 15 90 1345516202
6881 7743 15 114 894019383
5613 5627 1 81 111389643
9209 9351 7 19 741821240
6773 7734 14 81 1529733356
6229 6611 6 99 1062074466
7878 8866 18 23 440856375
9471 10196 7 34 1098281935
9501 9977 6 85 1751301325
6836 7779 2 45 204977025
6200 6444 17 87 129051281
5328 5875 13 27 1757147593
5351 6137 4 98 171570824
8982 9852 12 38 914604599
5895 6442 7 13 1761606201
8776 9178 9 48 412155216
8422 9016 19 48 88605016
9016 9323 16 42 1477080655
8246 8459 10 99 563786012
8027 8881 3 23 1383590185
6279 6946 18 79 1994453608
7471 8406 18 80 1065250620
9318 9668 18 34 696073127
6121 6919 7 96 1879198097
8159 8304 6 105 1964806312
5042 5633 5 76 1632629521
9409 9607 12 33 1752601009
8420 8744 20 66 1710254935
9853 10480 12 61 1945572148
7108 7455 11 89 773385956
5350 6085 1 16 1608585204
9637 10555 16 18 1024594918
8159 8842 15 44 1056669102
9576 9979 7 53 1362851105
9430 10117 15 86 1735091152
5547 6087 11 34 775124030
8083 8340 4 77 1473589865
9815 10541 15 25 538281289
5279 6180 2 101 516918827
8112 8231 5 99 227386748
8853 9705 17 88 1851810156
9847 10183 17 109 1040767031
8333 9308 20 99 1540449045
7398 7531 12 20 1452551741
6156 6883 16 16 1378616903
8143 8977 16 64 750600503
7047 7479 12 85 525269952
8831 9450 7 11 1262400940
8241 8815 15 31 383284693
9507 9875 4 30 1100089013
9629 10529 5 93 1209779857
7749 8285 15 98 1118189252
5638 5675 10 35 1296256574
6152 6692 3 99 1662639420
6181 6499 14 76 1126997131
9867 10315 15 54 1241609316
9370 10206 5 14 930195299
5227 5494 6 35 1367114387
9350 9901 14 112 1823792426
5316 6009 14 57 622358691
9127 9593 8 61 1870849614
6726 7177 15 76 277048233
7253 8252 13 30 839381595
7191 8033 4 10 1202675709
6523 6621 5 46 33055077
6399 7107 4 78 1010507941
6734 7730 7 10 271169741
8584 9392 10 100 120577478
5731 5842 7 59 1101638696
7185 8062 15 36 899829305
8371 8791 17 57 832947984
8815 9159 19 63 1705091795
6201 6348 20 92 1882163883
8478 8619 16 18 1356387014
5536 5880 6 17 1984044970
7173 7720 12 55 357746299
9731 9746 11 90 389149250
7607 8137 20 118 548803775
5506 5511 4 33 147421655
7498 8004 16 85 433684510
5069 5093 14 58 1181653048
7701 8644 15 81 893886595
6689 7255 15 109 256940912
7591 8115 17 34 449196175
6247 6677 12 98 1301130764
7853 8582 6 11 1983134318
7125 7487 3 40 1669747126
5426 5718 11 94 329113610
8271 8634 16 24 1765515879
8711 9515 17 67 1372771331
7263 7291 15 114 1293345564
5939 6624 13 13 727166115
5752 6080 2 70 281004231
6455 6643 4 43 1120436011
7447 8295 11 39 957983761
5910 6541 19 113 1816344130
8987 9628 5 38 783921949
7615 8556 19 83 440163882
6026 6617 16 65 1489378792
6676 7350 18 80 1031593985
6447 7308 1 83 1122497514
6088 6869 13 56 308456362
6797 7429 19 42 570669523
7102 7379 20 75 1125329899
6373 6650 17 29 1791119503
9323 9726 4 35 1138403402
5464 5659 17 19 33457790
8701 9015 6 98 1447837298
5699 5701 2 82 396285082
9911 10398 16 72 1051123124
7445 8312 18 25 847350446
5436 5498 13 53 1894573934
5975 6494 2 28 748684797
6976 7310 18 71 540366077
9447 10387 7 33 1156367637
7166 8055 20 34 1941888386
6754 7611 10 21 1424866259
7530 7792 18 31 1518339821
9298 9687 11 57 435447655
9337 10190 10 20 753569207
5388 5773 7 72 186162569
6194 6336 1 92 80502934
9581 10320 18 35 1588489403
7573 8276 7 101 663784012
9191 9519 3 59 1763208163
7518 7918 10 89 1154627704
5612 6190 14 70 1243052807
8611 8911 14 94 1361996947
7710 7777 13 98 548657785
6654 6729 6 68 1588720577
9540 10065 16 49 1811745202
9311 9897 7 86 15893143
8557 9533 20 32 1263763468
9843 10476 9 45 1369016292
9962 10135 13 97 318159355
6837 7223 11 33 429042066
6735 7607 4 68 1380276673
8366 9148 14 64 717092099
8799 9688 8 36 194040250
8031 8589 18 20 489467942
9060 9294 18 101 1948069176
7334 7449 20 66 395039796
7068 7774 19 31 1062024501
6012 6613 20 80 264292036
8022 8798 12 24 267143015
8111 8224 10 85 563278377
8177 8742 10 109 1023142836
9699 9825 16 100 350183842
9052 9192 5 99 1883159751
5971 6214 17 51 1050800388
5884 6519 9 69 1030122857
6925 6946 16 63 1630909821
5497 6226 10 34 1018829834
8943 9939 17 63 1342920819
7594 8104 8 31 1065705977
7542 8275 16 77 339581082
5434 5435 5 102 193215449
9530 9716 14 20 918796235
9508 10175 2 97 1326367629
7777 7967 8 47 871649689
8832 9474 12 27 1505002322
6161 6741 5 5 1785569817
6298 6444 9 9 939654624
7823 8502 6 41 1976995465
9209 10201 5 72 727498102
9394 9595 1 55 1247180947
5925 6126 2 48 657468897
9706 9917 2 36 766067028
8876 9198 9 11 1147704632
9725 10666 5 41 1330508047
7318 7534 4 6 1275229943
7725 8602 8 93 1102817295
6653 6997 16 85 1997244302
5864 6657 5 56 1031719783
7374 8171 8 38 196165459
7974 8458 18 112 578461765
8424 8702 8 16 737871236
6369 6848 4 26 555178943
9764 10614 4 13 1283453830
7355 7676 18 100 1128283076
9243 9898 12 37 1293221961
7874 8258 7 80 1470039159
8801 8924 4 99 1370573051
6711 7178 7 74 484526087
5693 6043 18 64 792559569
8933 9755 6 96 1957355407
6844 7014 20 86 129226106
6710 7242 7 48 1950107292
7250 7506 16 92 350253417
6967 7317 14 53 1616250810
5177 5305 3 5 1954341106
6916 7089 5 18 834633053
6505 7411 19 37 1787974656
8287 8902 16 99 647122073
5376 5967 14 106 602265929
8148 9022 6 93 1212671578
7501 8097 9 40 653358515
6616 6757 14 50 1563869796
8100 8268 7 98 562625455
5518 5974 14 108 443839525
8178 8273 13 74 1293729616
9249 9927 15 83 1035788405
8400 8945 9 33 692061362
7307 7902 2 30 1900735265
6520 7272 2 27 796177303
8792 8850 5 17 1784436181
8172 9124 9 25 1287615972
7468 8042 18 61 12471599
6091 6508 9 79 730236743
5243 6153 9 82 923134447
7331 7382 15 39 1256862001
7347 7869 1 2 911565769
9062 9093 1 16 1734265389
9789 9834 4 29 1059922373
7476 8385 5 50 779511835
6053 6572 19 91 794330831
8573 9113 9 56 546905187
8647 9069 2 66 383793611
6500 6825 20 57 1057642686
8665 9196 11 78 825618881
7251 7552 13 32 458445363
6992 7423 10 31 1357825052
8471 8474 5 21 6953851
9385 10338 17 102 1543237179
6314 6614 18 34 916724712
8612 9320 20 88 978327059
8011 8254 1 44 1927525699
8857 9814 14 25 891798075
9179 9631 19 98 1642617911
6068 6325 5 50 338893876
8486 9001 3 59 1698363423
6392 6928 3 61 1027250818
6460 6957 10 47 1634204083
5157 5236 15 84 842469960
8282 9110 5 70 1882610299
5240 5314 13 97 1511510252
6011 6698 14 88 127346971
7532 7532 16 52 914378494
7613 7883 11 84 1682456671
9356 9805 15 78 1636664060
5331 6283 9 17 944140345
5820 6683 6 46 782638711
6428 7256 4 32 1249110455
9717 10557 14 49 1676980671
7921 8205 13 97 96140756
5196 5751 13 95 1434002730
9497 9848 3 87 1586048028
6631 6797 11 22 1291930391
7305 8129 11 71 58672236
6795 7605 14 18 1577141734
5273 5565 4 73 947379391
5371 6041 9 81 1794029169
7623 8434 9 36 822008465
9624 10396 13 25 1636713326
7665 7784 18 31 1064954296
5839 6330 6 103 214362305
5121 5804 6 48 763028736
7316 7907 9 94 1349984727
7004 7907 6 68 1238944028
9816 10770 17 105 733805093
8141 8300 8 58 1502712019
8147 8432 16 31 55003474
8493 8873 7 46 1644266774
6108 6194 12 108 1083710482
7106 7206 10 35 723804364
8433 9081 3 32 135516860
8158 8834 20 37 979524772
9915 10747 8 86 534837366
5591 5642 10 80 1087705733
9320 9851 16 78 1566057880
5119 5342 5 41 270549815
8494 8822 2 56 1876072499
9446 9658 11 36 514706188
5907 6070 15 47 1031709418
6200 6996 18 97 312158234
8792 9609 20 28 281263956
7213 8158 14 16 925563338
7037 7770 11 104 1172060359
7342 7737 4 91 693793749
8291 9029 7 32 1409662708
9813 10286 13 42 1035728532
6767 7571 20 81 1762414328
6687 6712 20 108 838486619
7656 7720 1 80 972755995
5454 6108 8 105 982502075
5294 5422 15 64 924885441
8344 9184 8 26 1403530015
8325 9210 6 65 1764706810
6295 6720 4 18 2032316
7304 8303 6 8 1717185754
7618 8434 4 71 404549260
9021 9319 4 91 747725900
8101 8473 15 43 1672860546
9934 10541 10 77 511118331
8750 9536 5 65 1850032907
5892 6702 7 39 1417430556
6399 6748 10 105 1707841581
8011 8284 18 87 482416621
6225 6862 6 35 130662867
5506 5607 11 73 1802276232
8059 8425 12 89 136065825
8240 9089 9 42 60497567
7818 8267 7 11 614722660
5676 5958 10 38 1143223567
8282 8326 3 75 800075588
7139 7998 18 59 550768576
7154 7461 16 70 1808744298
6895 7278 9 78 1646063887
9269 9327 10 10 1524265912
5146 6118 9 86 633571108
6968 7056 12 109 1198081137
7552 8294 19 20 1622887102
8026 8953 1 73 245670004
6419 7167 18 75 1055364727
7665 8322 13 20 1157213538
6661 7128 14 109 1001630507
9272 9273 17 88 1570148862
9570 10466 10 21 169185385
9561 10031 15 68 464396582
9938 10227 17 23 1516991623
7740 7934 1 84 923902270
7530 8221 11 15 1383345010
9522 10100 6 19 614432334
9561 10055 17 22 175369331
5769 6270 15 104 1256382406
7426 7462 3 89 1550223086
9397 10366 2 77 1776661678
8164 8197 17 85 324933465
8433 8777 8 81 195293265
9713 10331 12 71 1679860814
5775 6680 17 51 1949374908
6387 6737 15 45 1172284500
6350 7267 2 11 1138807815
8127 8811 3 71 1666768496
6852 6923 15 31 1077094163
5384 6324 13 76 238896353
5844 6590 14 32 23696180
6422 6651 16 111 1841210043
9542 9693 14 100 451657709
7071 7541 10 26 48212021
7650 7816 5 61 654172603
6074 6860 10 90 958776696
5993 6665 12 94 234651858
7704 8459 20 32 898204454
5814 6104 2 46 1504480711
7100 7915 12 23 1104473349
7119 7994 3 15 168605394
8678 9649 9 51 1284022294
5162 6004 6 67 358882313
5042 5843 5 90 125918400
7904 8247 14 76 1747074546
9865 10415 8 42 20828955
8986 9674 5 101 783264468
6807 7052 15 35 428926765
9542 10479 11 50 1672170604
6583 6689 5 28 1667677785
5264 5629 3 51 1757020736
5098 5323 5 33 220609186
6075 6620 11 52 1559493162
8466 9315 14 112 1067632879
8184 8929 10 84 188911836
8450 8627 4 65 1621291255
7644 8275 9 15 861521412
7055 7191 5 67 421956859
7255 7380 16 114 1736571996
6924 7863 17 80 1797285720
9276 9963 2 93 1901935869
5919 6438 9 100 154661931
9200 9208 3 12 516493200
7120 7327 3 20 1360286266
7646 7688 17 49 1348052307
6419 6622 13 77 321089345
6494 6736 6 11 265703857
8371 9061 12 108 130725639
9028 9571 1 60 406303998
6413 7182 4 16 135912895
6220 7020 2 66 1622503243
8015 8631 15 113 1091932589
7745 8055 14 41 967476593
8364 8715 2 44 1601699356
6800 7134 2 6 1697990787
8435 9434 18 27 580663071
7927 8468 17 47 1884529422
5966 6384 13 109 1033016513
5415 6148 6 22 195242931
5807 6062 19 107 332180267
9700 9831 2 44 46488375
8011 8170 15 36 590215170
6088 7003 10 16 1618961566
8359 9330 18 54 736124993
6661 7519 7 24 592732772
6791 7292 6 95 1943080670
6230 6452 6 82 786156707
8389 8804 15 94 1551566599
7802 8380 18 29 1243772020
5973 6028 8 53 1891856567
9775 10727 4 10 1229597299
5290 6227 17 45 423563010
6756 7660 11 57 162464306
5583 5862 3 98 416456760
6930 7539 7 95 1851592128
9894 10019 10 59 398489841
9632 9878 8 9 1611900403
5178 5917 5 87 740668332
5378 6282 9 15 962351429
5362 5673 15 20 1094452249
5737 6045 15 102 1189394896
6206 6284 12 64 1130014957
7594 8466 18 51 730166672
9107 9132 2 61 1096286968
8979 9242 15 86 1322493884
6747 6948 19 90 1818862217
7874 8674 15 57 239817696
6713 6832 4 90 355411297
7879 8328 16 102 707221604
6016 6164 13 37 522050183
6056 6432 16 56 1222281725
6544 6677 10 36 500138179
8094 8547 9 15 731131121
5985 6040 5 73 1952161845
6514 6969 7 55 54626659
7408 7975 14 86 1862187841
6823 7288 10 27 109798112
9273 9336 15 51 202321609
6817 7378 6 81 1728422593
6570 7073 12 21 1755170219
9344 10033 8 99 694158572
7736 8133 16 18 1043438993
5416 6098 2 8 1155459497
7674 8579 2 47 1441006974
8802 9219 10 18 1667689818
9475 9481 9 101 800703114
8957 9025 19 51 240381128
5099 5135 1 31 325550420
6196 6363 2 97 1016745831
8638 8753 1 28 737365687
5449 5967 17 110 725933451
6147 6322 1 14 1839360372
6077 7066 17 77 477713047
7245 7708 9 27 1734420782
7356 8058 11 77 1593832480
9077 9353 9 14 1441877072
9733 10264 13 66 488724570
6814 7553 11 57 1582773171
6219 6292 9 72 1005827203
5399 6326 3 28 1351162789
9089 9292 7 49 1212087123
6364 6951 5 96 922419348
5434 6039 1 64 65768032
6690 7275 5 40 1376576219
6196 6592 16 66 605792546
8024 8226 15 85 1754963269
7827 8431 9 18 1399352888
5105 5347 7 83 963398834
7275 7966 19 111 1311748680
9070 9557 15 71 1112373154
7464 8378 16 71 1559730381
7149 8013 5 96 401267287
9311 10295 7 12 1730408263
7903 8764 16 57 1775694866
7553 8117 17 98 129389060
8971 9387 19 100 732658394
6805 7114 17 28 681787909
7696 7697 9 96 1725288811
7988 8540 10 104 524829137
5669 5697 3 62 1453835873
9980 10425 10 10 833331219
9893 10611 20 80 1924853779
9603 10091 11 36 800685765
9690 10495 11 108 1342055254
8663 9419 14 69 555144090
5745 6407 9 104 715654730
6476 7308 7 83 1038411218
9967 10091 2 22 968529047
6646 7438 6 80 1529524582
6586 7357 9 74 1045921808
5902 6078 15 93 1748472495
9584 10476 14 38 1308450486
5833 6228 12 22 1237954698
9857 10540 2 31 1236956402
5429 5538 10 87 651669767
8500 8916 10 36 1244719044
8877 9778 11 102 341509810
8687 9014 20 53 815792842
7428 7449 3 64 176493143
7424 7577 2 39 76084806
7804 7841 6 34 327570516
8409 8667 5 25 837361437
6505 6652 12 88 1315257539
6103 7022 20 24 239664222
8639 9003 18 94 121198782
6382 6493 6 98 1594641141
8918 9748 19 77 694888079
6332 7076 5 66 1646709559
7803 8324 2 45 1892822656
6880 7608 11 40 304439698
8087 8091 6 27 1053887860
7083 7881 19 63 438387545
9805 9951 19 118 1132610884
8454 9372 11 45 452960548
9941 10821 13 106 808409337
5797 6381 5 99 1290774369
8239 8926 13 32 576598604
9112 9786 10 11 1570016021
9370 9520 15 46 323302302
5522 6477 18 84 1333766393
9346 10219 11 105 507043593
9215 9896 18 34 1130695543
5257 5475 17 76 474381374
8894 9881 17 66 1759112647
6234 6828 19 54 360300382
6077 6436 13 107 420081789
5704 5988 5 45 660718541
7248 7324 15 46 1408304900
5591 6462 4 59 1603499263
8890 9830 4 73 694636966
9162 9256 14 92 304272332
6847 7593 14 111 1269370644
9370 9617 6 79 392176510
5211 6166 7 87 342595210
9939 10001 5 65 1533748861
5872 6160 2 101 681743775
7485 7730 6 77 1882077959
6938 7357 11 106 1564193655
9861 10062 15 99 1306388696
5614 5779 8 96 1349833617
8715 9226 5 39 318377496
7691 8569 3 20 1596345937
7662 8356 17 68 1326997391
9156 9928 9 69 1894157552
9090 9665 14 85 1773083716
6958 7340 9 55 885711982
6348 6626 19 76 1069781971
9151 9371 2 29 494280091
9673 9758 19 26 933127865
7831 8126 8 31 564779104
8602 8934 14 25 1266366761
9482 9827 1 49 1258269586
9414 9561 20 118 1662385712
7825 7864 8 96 1323612466
8882 8918 6 14 1341147021
9876 10011 15 71 1687292881
7814 8146 7 65 916431925
6379 6942 8 81 1598428485
6655 7184 4 29 151195274
7384 7807 13 44 1529367862
5440 6227 16 51 595672792
9698 10588 1 23 440822984
5119 5930 14 90 244107581
8500 9029 19 43 383582739
9688 10658 5 29 399388032
9906 10622 8 103 1661099737
8902 9063 10 87 1805248011
9182 9837 13 18 154025914
9618 10347 3 76 664353137
5717 6480 5 39 1669012624
5320 5566 2 34 134795974
6622 7527 8 26 1233908632
7677 7691 18 98 897537218
6259 6825 7 71 1774663264
8160 9055 9 22 706752659
9127 9609 14 103 1343780656
9406 10189 10 14 408250289
5552 6123 11 25 1053848860
6245 6312 1 66 1790470340
6634 7244 20 48 1882573136
6911 7294 5 5 1156892581
5558 6349 9 107 483128590
9647 9658 12 97 538221588
8760 8888 4 84 1439166389
5002 5060 13 81 413624900
5479 5576 1 6 608163482
8610 9080 2 82 14498371
9861 10239 16 78 138939795
8989 9186 7 25 1951246212
8768 9220 17 25 1520128064
7999 8092 3 96 108909872
8751 9239 5 40 451139922
6431 6740 16 73 1287831582
5241 5469 3 84 130971299
6856 7497 5 14 66408876
6175 6896 9 32 1536862095
5487 6064 2 51 894057506
5619 6363 14 18 1221334429
7896 8553 8 95 1113672327
7819 8373 7 38 1426751039
6368 6393 13 23 699865091
6844 7025 5 56 1103939657
9775 9790 6 103 1500009347
9053 9409 11 81 1651402015
6612 6698 6 67 1223128999
8391 8400 13 101 1929994168
6656 6977 3 75 462809712
5362 6254 2 4 425642643
6182 6847 7 99 1419329781
6055 6278 16 106 1564979461
7500 7871 17 72 1475200065
6727 7548 4 79 634456215
5669 5777 5 81 1715561210
9288 9374 13 109 606951841
7082 7694 6 20 1764460319
7183 7373 17 39 685281889
7878 7966 12 51 743854166
7386 7979 13 71 494940049
9087 9478 18 37 1797163017
9192 9281 3 83 1875286664
5784 5829 11 24 647957921
7321 7770 3 21 1514371376
5078 5240 12 87 761720149
5452 5483 15 53 335459576
9724 10084 16 55 1682129439
6078 6258 17 44 1070111050
6135 6436 8 26 1173440767
5014 5208 18 99 685112106
6072 7056 18 117 1724445408
6323 6952 8 72 1014751562
7205 7616 9 53 298764362
8159 8178 20 42 1200971245
8330 8463 17 104 688707200
7074 7594 17 100 1366336714
6438 7088 9 84 337125637
7617 7683 1 71 1866499739
9754 10601 5 24 1379058517
5750 6426 6 34 1274898765
7850 8553 2 39 1680574639
9276 10127 13 71 1088394827
8649 9438 1 65 543411519
9202 10015 6 13 793234589
6490 6700 7 36 100654607
5978 6555 18 99 1283950708
6974 7301 11 55 1915432980
6226 7118 19 105 357542209
7743 8382 4 74 852748177
6197 6633 17 40 1081294155
6239 7038 14 90 1146823339
9561 9782 7 55 1591849944
7642 8437 20 44 115922806
5202 5306 18 23 328010451
8897 9312 14 53 1421375877
7180 7232 7 96 964039130
6575 7164 5 85 832948209
6125 6372 12 55 314966587
6616 7411 3 102 483217916
5638 6552 19 32 1366699678
7234 7237 7 103 847861650
9766 9832 8 27 1325914471
9194 9244 19 83 1239259640
7772 8651 14 53 867133511
5730 6162 13 51 1933613559
6305 6536 2 47 1197994681
6607 6876 1 39 1851890675
5664 6454 20 24 1834608518
6564 7238 6 49 409409472
5320 5473 8 48 932636240
7832 8192 15 111 226175573
6783 7537 20 23 1450294559
0 0 0 0 0
