15404518
1918408970
5357053312
37581090094
7652145750
57149197096
6297174670
11103477864
8946619968
99930874208
3337036198
2969800614
6541309416
16671398698
18414408582
8898241590
87064298100
5734245422
40812165110
10309387622
56503709224
268071244
8466726666
66922474440
23899133524
14900470364
4573030198
37366504
11759834698
28037507874
25040330946
851664686
1984565128
33291271964
16998225704
20047694084
32976152048
6488487270
80039770998
2484895444
443350278
3101283718
12736654386
39194275630
26051398388
41564527760
799670220
2927583676
94238848758
14144326812
5761543120
7863209498
591854048
4855591336
479702754
13696400008
5421749096
12764387786
89838464
30919135214
2922344302
13832981836
14825715786
41230522
50421770296
6028158312
18721010
18764421022
14142846884
21354523894
2112792788
37530385304
52303115620
529668010
4063168532
2245868608
11198054748
90880900156
20080129388
22028055186
32881659542
300705346
2930379134
79746235686
1001166556
58054796828
41903270706
5613423320
158279406
31043370786
6876335602
27880292504
43128211060
8485147116
1111904736
43188259034
2023475494
77303575984
30903963270
2772173540
73662184644
1501659152
277732238
30225098298
950933486
6819277902
1937023452
29933053500
12376717186
52146036416
2118529522
11934763838
57624203652
29239281924
8990651880
5979319230
15390759574
30794783314
1362766356
4845398850
26065431982
25110716286
2833476860
93642536
26063459978
64825597166
446001844
32065992132
54094208170
17237110572
2935351740
4407589700
21097383278
16525668656
34561420
180481736
28307149702
36727033324
27889697684
5526545848
12644234206
3443458084
31917715148
29953691222
673867128
36464348818
26493637476
24036744192
11567742646
160673504
19663670242
3151761604
63765382978
4948769698
4217165802
634073672
8159574660
6055423992
10581516978
7486953276
6975104706
917414256
4189179292
7874429962
12740005748
2565717258
12736715920
550076646
22160481908
26317652154
14955492558
15816010918
8249836670
2404612912
939803550
398506982
4270415812
10190574242
28752294818
1891834116
6147723536
19038841794
1625263616
50912532014
593841920
24076809242
3028441744
2656205692
25225797668
10341629350
57568363850
10344695170
18939238500
43947124334
8689005462
28840052076
2230464028
55061623738
3107383068
215673330
13220241744
2702505482
35505359256
7163837298
9073895234
11879499620
16664913932
2412720020
50041276996
17073057044
429358312
7037644412
11460358606
37639167670
3516953616
24846915466
1047131988
83819252
2218994330
478372420
7854978522
32669250680
1301972460
8391489268
2759789134
3779057496
11959844404
1191077660
17788563446
487841468
4548212858
7759449194
17177299136
37712048942
6808394670
1703787010
27863419460
14631612232
8510899166
3476423964
25007994488
3076081726
19673723064
11147772018
680443284
9997171290
2125748084
394582660
15522488046
8140546322
18388388168
88990656
4217993276
7026688448
35158197090
67814360402
1783016800
29717806864
281894900
950649668
55669162746
6995836310
503255910
16824445862
35136489780
9146262504
7087770008
4525446326
42143753246
780049784
616360954
3838166922
3513189644
15980532
2578528122
7342414252
60639233404
10223229416
30149510278
692713440
29349080344
792329152
18543564200
6601124770
16267517634
1464798110
17951933032
9949815496
1374129168
184119176
32513184606
309366402
12501649832
1006195524
2956670470
5026848220
15376337428
12402339544
5152480154
5653726908
3819602738
15310182826
1814971102
2405725890
432529764
31406909512
1012364360
33376617382
421109180
16443883242
6666233696
998818056
19562475334
39368866550
21878824572
13229738336
3689634640
4738860892
36253439442
2548208044
27754414430
2033848514
4326801090
7403006336
8722351640
3440009566
3997290374
55155368172
5924464534
1248043298
44558045172
2194908140
4768663618
152663488
16247445734
23876544368
14446884942
914679800
6168211050
36909955900
16921232326
19416456302
35503434554
50261986630
45909631678
105921506
684497388
61083278624
26027162744
1428582548
10404239024
30798836606
5295586790
1550067408
11678618746
9719575072
10420820978
5040099578
3360907278
819341934
6083187460
5750552292
13531704524
54938908654
35124123418
1993634564
90834356800
15391424294
57264511488
3688096632
13621914766
27201697956
12883489284
15271115140
1286629056
11559574282
12029424990
39319918840
7817089512
15345098598
1939863522
35411379692
1405041644
54605323878
14431810364
60256264638
1074450392
703702288
16108089320
10239698088
1979580002
2003005606
5195080992
43155573578
27723525202
1021413330
59500486034
15732488348
10015245556
3679053462
9264060370
45801774088
14887363098
22798527170
4939870154
8888837648
4315869068
94399768
35352693004
691093354
4384319666
5030482016
10347976986
7539864050
13227896582
14072162454
309852212
6597183318
5206514402
228581514
15939099870
21840414
8785072388
1151969708
30779892966
8627309768
2453529340
32904953404
4886664694
14344521626
6291962874
3127541316
27777572950
2239577604
364136844
4787533710
5854111730
13618106698
75181670998
8409147624
14779821104
30887551146
27582507376
51891791156
7320498576
5487875380
10697435708
4500991844
7081227054
16048706
21290532102
74268558
12955435864
3406226078
3973415380
7707543620
6066277760
13587618830
15435462478
9360845508
3312765020
3805862700
3337997318
3744552516
742843882
9698372478
24741341160
16033699310
21250063452
30626771682
16811857934
1823641990
5067239930
14993941762
347985874
8083763744
14416826556
2088050710
2467861534
48937219800
14705867616
2477503638
451848064
18538695714
1295522246
5966610526
6730385098
1469944200
2657362220
30172826880
1720324312
12311053038
6561664760
28577643272
1105191288
14353558930
30033593022
7605216952
8690144230
30071900
573970730
38692809534
3831514668
7748607498
745056560
99858928
27000946646
22858596158
6639239022
4668379720
2657084822
568274034
20820263554
518062640
45277937410
31050828520
30522920410
2841954934
14199173080
996708716
4243796770
4963495474
17567473260
10520006010
23173193874
8189041994
9877330014
9819907074
70014039970
936708432
28254585482
4129700668
14255566388
668245586
1334818978
19994923368
17215359398
25102070068
48434022306
7271909178
5508367146
4732345286
14389934744
4180129012
22639649000
4977321830
19796166792
10362621636
715596838
11070586038
181811312
15168193978
47865442526
1004407610
583268106
452294640
593769968
18658707936
20783753040
7265174526
5382025418
8747396710
14974011404
1700597516
8153254892
256242
57038869964
3272910508
23708690662
11593519206
5034211586
28062185044
2918259360
25873255784
21918518388
20761788676
3924799252
53342190920
7843136312
4524841264
20176986
19320869148
22047108570
6393279524
20009764836
20039894964
22765511996
1274600852
52181644992
22022857618
1761030912
1709313268
4068069538
15796162122
67487057388
10609672860
7541155418
1051602088
7381688462
18418139120
39886163116
42420662774
26940194376
6728132916
138208994
13118802264
6418491708
1206271298
1381617556
6372557660
15309524564
3126867274
24529395386
1928032994
17782139530
1362750120
4166636478
13133169902
1027076196
1569095652
47894186718
14213761722
14315326430
6678743364
54090845490
1251678174
2939209636
47140161462
4891664568
11744078514
48288373184
9121338
3057533786
12576180760
9590872504
9889786296
9295194172
43906311514
27284796178
37977972042
5025666598
1737129202
9146005224
2096707996
918388656
794175860
7269241796
1420082762
11765390706
18636896178
27705142730
44670384
37302868468
6487457148
1390890348
8827259900
29798467348
3493052590
28359187106
108560212
836781394
5429274576
1400232190
8616398612
2795402956
2341389204
243458138
40682266518
2973588952
59843748422
413005564
2589986726
28057976600
44327613734
8729674166
7109248586
41865131848
867900602
10800313364
244740788
26854947128
2759389132
241296122
3625084238
41465684802
9039283702
4960890486
14914700198
6591402856
1173641184
26594643936
14885301876
6953817640
20891776434
180784916
24992400200
1446877566
28505925856
2946616606
25913904718
1255395682
25235187646
44534153394
5510234114
9450697016
2204802102
2287557530
12860978968
64733599368
56069586726
5208490714
23375072
3242765448
1122589102
2879576902
270026984
4435951652
6471973840
922267418
57125146614
35144461060
4830544182
12942907590
1893576860
2969286306
17441047840
29332640264
1927319032
5469285646
123461740
1166109720
7281647412
13505740622
5923041616
54902027164
9388354708
26608038604
4861673516
3632510806
3710213562
8943868334
4304983644
8508013598
61252830534
1142199668
377647814
35843184208
4800152018
1686319818
23669628160
3362029364
12155608698
849688236
12296824960
16898390290
4493399088
2416155708
15027197964
1439068452
13462382288
1239828980
1286138778
5551521014
812998584
44424839646
595454334
233073418
46173598778
5926320040
20282339560
719009698
4444480716
33633753752
3203700146
244622836
274795142
331494072
11436573548
1265946404
26524591000
3354195648
19352363848
9346251020
43381266892
1199430906
6337715040
34395087126
3369491410
25409222418
5258589564
32911275098
1981677492
18888042318
8492517226
13808164606
4789073856
15021701386
48278257278
14915534142
45024314504
18632694458
4826298712
34719152872
3363599114
12075909854
1654007588
174119588
14720549834
1981436958
168401334
36899737154
4724668876
46707369170
11692628956
32503550352
42794134738
1169661108
57382570272
33991774628
17714404516
13293617574
4072901274
11448110828
4431661502
7339871758
13496438686
4632130190
145417432
270475628
210568526
2450108524
9995147100
762752622
1710084912
11281011258
16327046174
50714326896
24541484232
4164776284
65670424
9399447398
7431007604
7429955338
28714769792
51367991852
4218033614
1036097850
750615274
62141396188
19134276558
6254028176
5054099486
41650449052
5266403340
9926580102
5945546598
2144968548
58147859022
22050514172
1103216204
56056495304
3407272336
20402159886
2677328880
14272583612
19545421604
38550756912
10021154992
15185974892
2905343672
14322176474
26746943118
42215798588
35027060284
10024382318
11729736332
1517958372
302097850
2296961330
2640864954
10081839602
11289260700
2654989032
231662838
5918229372
10138523534
44274945390
1376452514
12349678598
12904511226
4112329552
11972480440
2625824614
4383254488
49720685124
11330901464
293179158
16230932154
33155651566
915748774
13735145592
622719558
44440485282
4732802738
27643944984
753828388
7043072940
5714489392
21539892660
289830480
27508749842
256245088
7629175934
1448965206
299889652
280237892
1480984136
3709938252
3150459788
530620774
4031626162
15523559224
2007673646
273946498
18524597232
20105613640
3466009070
34769781926
14261639914
142833522
6775615166
1071425168
20299327446
4420574214
903091426
7105202310
912717570
59017139386
22307132480
17786657168
24725378802
11047029528
2427685118
10091273498
1867947562
1508058102
10071891340
6904200532
6643093128
326703088
7894239838
7904777644
339385020
11099969820
3936316484
4883088180
9135921438
111428034728
27816585738
3367459328
305528082
4255379932
35673733464
10886980144
5207506436
10589356138
18669734050
25041772686
25387000708
13967126526
2486101884
438348136
42065130424
17781934882
18051964054
21550057374
7948034722
46646367846
8128073462
1295203634
177524602
11749307790
2809550232
25643460932
2454751330
24110682714
12958526792
199488514
832552028
1985853562
16770381342
24511070036
8997347564
13158748886
5424156454
7955006894
4876631536
4328091306
2783523308
