706885990
1126149661
1517286715
199611050
416562165
1819355334
130992000
1254453113
1085865879
84663468
1870976423
1589449431
1496747197
1630044113
910547564
12285677
941086008
144758698
1284171333
610265620
1600361156
891326589
1157003996
1766595648
413620990
856992844
57399771
702386545
461463010
1636173686
540732835
624450519
996890368
119105094
256897533
494759277
865041078
1167099526
1453166153
271611851
1446330789
383390195
782021070
164779763
685108064
1135370019
387637728
65136010
1932328640
401551634
1831347337
524926608
1330653020
1640976996
1982356891
1090885405
1890981838
150429424
1420606268
1587565021
605059815
1951482379
1749114063
673859606
895995035
997901151
1792469051
754137625
569404332
342746921
1324991747
918141858
785549689
218504202
962719985
1523716618
1632656313
1682413472
1256209293
673063975
1668925910
148527093
1981330493
1645784506
1627087301
1987819016
822887591
734049078
367300274
186948383
1722838014
941424412
1432757521
682219298
1216044146
672822387
194284011
242879030
928448325
1322063020
948674126
1465421
5882237
13453247
29426209
858859
450811
32664559
25922257
31353239
16007819
10730329
7423753
19486043
27209057
30108431
22207303
12046379
8075497
17077763
21862207
33372539
23482369
21352883
39964541
3189229
28228363
18404201
3074821
3241201
13015517
19752289
5705699
7229191
22076947
11156941
38944439
9211567
39367039
30757201
9101269
29680037
28210493
36079543
16546181
9933811
14882557
29869547
14225273
23809363
8783303
7487743
2002019
23615633
39871387
20855999
20616983
15193613
19855613
34757369
4711211
3695581
1768433
5117509
18137219
15504631
28974007
1958351
17957519
20665537
25278599
4178071
6894011
31328719
29434087
24850207
17816767
39014933
21990181
5041081
27502169
37003019
33300563
34637179
3125147
36080977
30369211
28154899
19881457
7639117
29567597
5137459
8606501
13371227
11683493
25466081
12318451
24394649
35785991
36940037
22173469
32803613
6562573
1768321
22827373
31194857
24910163
7846439
7280563
16738231
29189621
16774907
35030077
34837727
37972997
17853947
9955219
35007631
5881873
36220477
28080457
34155409
9040891
12750299
1082911
10298423
37588007
2408281
35973257
36154889
6547183
8391083
31401313
19398329
10381409
3674303
26826353
33239897
4285961
34326037
1129699
6110129
39151559
21790633
27105653
34780871
321193
4481801
19244873
13819639
14168477
4150519
35343089
33247367
25514183
8577169
14241179
2072033
2008901
31368413
8782871
33083
37853341
8185403
2358179
31522363
28999403
38034413
1788763
29251129
8444003
31535827
8178473
542207
32016263
35825161
28919017
19372079
18499639
15585701
10180721
18107597
26092223
34786987
11742629
34535357
920849
35650379
6667169
10821757
7798933
21329699
32505959
15316661
8560289
17964299
25518617
12964901
11037053
460673
4307089
99799974232618
99599885285430
99399988732462
99199989555998
98999972649332
98799934496454
98599969827795
98399861770026
98199871763477
97999988325626
97799866340488
97599917146006
97399970117262
97199896999899
96999852575877
96799987345961
96599875581493
96399987488072
96199971588277
95999958898955
95799884275147
95599960269612
95399929150311
95199914263192
94999961989477
94799999861714
94599961731198
94399971047630
94199893321481
93999888315147
93799894604503
93599980116057
93399950808313
93199971734210
92999924135098
92799993567643
92599901163556
92399867471586
92199957861186
91999964420037
91799975716530
91599864017637
91399947210255
91199952522924
90999939830574
90799862925649
90599898078652
90399991167462
90199878362180
89999912779886
89799971705646
89599988838165
89399820223773
89199868807394
88999888640870
88799931731974
88599945734677
88399990946881
88199899307002
87999927429571
87799965586273
87599965684728
87399899013248
87199948078186
86999837660679
86799965677322
86599908639678
86399976253584
86199976737684
85999999664760
85799983970157
85599975182121
85399891440249
85199957809367
84999901353075
84799950499965
84599901230360
84399842430585
84199946813421
83999902542526
83799946092760
83599997494504
83399936220274
83199985516713
82999845980148
82799944932672
82599853568603
82399969625653
82199865285326
81999952674646
81799852749126
81599965622621
81399873943179
81199898728093
80999995967519
80799863735868
80599896734127
80399836315487
80199997258000
79999958631366
57142722244608
68584734720000
42922011525120
21679995617280
49177497600000
34200714240000
74209331589120
92139981373440
13348177920000
66307507200000
54708113940480
58998946406400
36560887833600
14179062268800
31109847552000
7718911200000
6292712448000
9556747200000
17988687360000
61751289600000
44108064000000
16480720650240
8028408960000
48514675507200
11955444480000
78393557376000
36790915392000
59025737318400
10568143872000
8434577571840
18632540160000
6212970086400
42887695656960
41947476480000
11831339520000
30996725760000
40715136000000
17703874188000
80758211788800
30728910643200
8573091840000
23370736896000
24251415552000
21821832345600
15077451497472
35727531840000
10729635840000
86910050304000
35706927513600
67460146790400
38140733030400
21254897664000
6715170000000
13555571097600
34780741632000
25903709798400
8470163520000
10497719232000
43919366400000
30405899059200
38150125977600
29638513850400
22687938000000
19000396800000
85446264960000
8900358667200
8721182131200
86214164400000
37724424192000
5618427494400
12645642240000
24455208960000
48568993200000
50565847449600
15041484057600
72243979315200
16212520396800
14849345212416
24731670902400
15810971904000
26291865600000
57340483200000
9873790617600
16081315430400
8645978880000
8527970304000
38292585408000
9527341824000
16540709068800
31114886400000
54765849600000
8066822400000
34128864000000
80839902528000
16303472640000
30738419712000
31713389568000
28482854400000
9353377152000
9292979404800
17132754845399
22808419
17477617
6332047
18542389
39993127
39110849
6418949
12128401
14166673
29712100323203
11445803
14822745561461
33535631
51571967494669
29946977
16238329
37562989
25949849
38412947
28807547
19188167
90791251749613
39757933
145472079763
11985667
22222063
38193907
66175864298539
72327630507967
565604479351
21190879
16496791
31011649
34282463421541
33825593
54452560298809
13070579
44914459350499
74929946775083
37621481
38114711
35284927
23300107
35247053
37658633
30226043
79857369767701
11676749808527
13287227
66910697554297
16035287
28058832940711
36913183136243
44396758224733
39797299146923
33382133333761
35044211
39476477
21099157
68705537829601
28535431
50305050563501
49341085588649
39719027
39651349
33317617
76818843745211
18734861
31957379
11126321
29908716081359
37939103
5608151
64156876098061
4896971
12841861
12220627
30899599
17085701
34868651
27893839
22318897
14560561
8531707
15324587
66580773925859
9712817
14495641
37040777
34469791
39674683
36222931
14232683
15420332033377
28955599
6239393
10663439
19663451528737
40002199
38604659503410
11812061734110
5519694177855
87173094482859
27869287471896
60327792296772
24126782612625
35209795809188
3960716096480
22668292682100
19761417502866
53343600937900
4250690276910
7664583476550
32880046591392
85235780069739
33875313752280
14945100568398
26015949874200
59217819911250
79006103410050
15902491461428
27868779908632
67409029037350
23182786116490
56010417713250
10761207482025
10584313598250
28974983251500
70994489099625
37711244635218
15640512737850
9731496900125
26489213359686
18812057552750
15175970759950
7715363325670
18970716883118
12685034473650
3428511213400
41702293806250
11845265372850
53943648759000
4105311199785
39969959352180
33291256618620
66911610445680
43270329852750
13052286325078
32406581842635
48066671152500
70666853889060
5848404493750
38593661024919
43348722029250
38669650512675
39086900483400
39327556125000
48817966136212
9851494305510
33394645614330
20478119476100
22584507280335
26754215145840
19906058648630
24440117451750
7304871810600
53697338344650
76640540547714
13461414589623
5691173477990
37043874226359
37044635017500
48968164620375
8841512513834
21905430943851
9957471182065
72067480409925
6097685869275
13309242568050
6295509181500
8895502013576
3592528226430
32219121814152
29517220402670
5431974370537
17049975555690
6315060452250
5573733141834
9753502424055
39449388710270
53907872802168
34870185072450
7162009221003
18855622317609
9915241143000
6227347277580
26725335833922
23146228880775
26193537560190
99799935996953
49188114432000
12455749
89979981675119
99599894793582
72748488960000
35571377
89959908665639
99399978634698
92284448256000
32808073580731
89939956838393
99199988744860
39891333081600
38366597
89919949761547
98999899658937
39086530560000
2918621
89899828092391
98799963342187
69769457049600
13018037
89879998294439
98599994093418
18776862720000
39623137
89859955002343
98399978081290
14678141829120
17718829090073
89839993073239
98199975419741
86852787840000
19885507
89819893971581
97999870925567
11564596592640
17014507
89799909703129
97799945702299
41513936486400
8677171
89779970714743
97599928203316
58246594560000
72350454192593
89759857542863
97399945130608
57388223692800
8057773
89739981478573
97199961435711
34098635577600
18776033
89719914109979
96999833600887
28940079168000
6638078878297
89699952477953
96799901604176
67102943477760
36250777
89679985499501
96599983401818
82089729968400
34735634763437
89659984762457
96399898345519
16918815513600
46200288829523
89639956675537
96199958865267
12025770624000
4038191
89619936584693
95999968526710
17588938752000
34818101
89599883477827
95799992357812
47141020846080
20657149
89579974433563
95599916879005
67787370201600
26583643
89559930396823
95399946711619
16899176448000
42739779573047
89539930791433
95199937722693
24896108160000
6879673
89519952503981
94999919786236
77534573760000
24457843
89499964760923
94799871230089
68594362704000
52077032741707
89479971649561
94599988364545
22472640000000
24817831
89459982603149
94399899908784
77208588288000
28810981
89439873702461
94199924103290
34589166796800
19506203
89419998930233
93999979465930
20324995891200
10603939
89399941709021
93799943988424
76499413106688
62662633319743
89379826422503
93599931243019
19726483392000
7096337
89359958731877
93399976833290
26735186903040
25017497
89339908658569
93199995465824
26223575040000
19526453
89319976009123
92999915623066
14380853760000
21656021
89299933741643
92799897671292
48779990138880
12797406150313
89279971362983
92599930114577
16994009088000
220602457063
89259955240109
92399946793681
76535746560000
9714009037727
89239971421597
92199864162134
20736403833600
41313217747969
89219935100749
91999940854938
15845721292800
12610867
89199909990959
91799987809197
23639040000000
24041713
89179997810341
91599991428753
10105689600000
21528389
89159993823851
91399968554071
14547266764800
15614303
89139981991231
91199950148752
61808737858560
13452353
89119911418357
90999939963877
10087773696000
19612421
89099929858129
90799942680493
18875706696000
25729637
89079942207073
90599865438573
11011212576000
8255484095021
89059876542467
90399993759079
38166021863424
6055513
89039965414181
90199892072491
41224143744000
21612397
89019988586267
89999929432602
18243429120000
6812759
88999900550629
89799964988067
77203213516800
38422819
88979951040667
89599934238933
55482226800000
14889949
88959960757397
89399994288410
12125707776000
38424163492721
88939947553871
89199908365326
59857357190400
22870643516767
88919998111493
88999936897478
6112753920000
29094320792863
88899881584981
88799884982507
12039487488000
36969607
88879802987777
88599982929285
20065812480000
34517393683189
88859874786227
88399945782114
13784883840000
17828773
88839989654833
88199964993823
85185644544000
44352125340983
88819856512091
87999870793255
6962288256000
27817920704753
88799906705101
87799983474028
70179865620480
11237489
88779977452949
87599892688283
32490678528000
13587121
88759842363583
87399976499334
79370086118400
11106397
88739902714741
87199921174291
58763045376000
25236667
88719990636007
86999940602810
10913136998400
37755077
88699975091569
86799911075576
8851334849280
41867998162157
88679853878401
86599987554580
10936240029000
48514973014279
88659950111797
86399904601306
14322421555200
8205023
88639863626779
86199953995273
36742017312000
19248379
88619950248673
85999971298164
68075707392000
72735836360749
88599992834389
85799983466862
9153720576000
56083899938347
88579994605967
85599991682670
61887006720000
11996591
88559966426233
85399958239787
10271187763200
17216723
88539966691837
85199873878033
17251293945600
14168311
88519969033253
84999980779396
24269611392000
15105199
88499992349609
99799940274486
5914711756800
28212179
89979977760031
99599924831213
10179606528000
24046927
89959859490733
99399970567896
28140303260160
36973879
89939884962547
99199853927144
22280873472000
33077273
89919996195959
98999952343451
27523431936000
21334987
89899971062533
98799968603462
14826405888000
15566857
89879907200401
98599850506331
14007460896000
21713179
89859893088067
98399995233914
10241925120000
28854073
89839907061283
98199805304237
20253929472000
33510751
89819966118809
97999983968731
73317999268800
28369813
89799954178553
97799995035284
33440698368000
10144351092017
89779997650159
97599966584139
9529626624000
19494149
89759961874631
97399893604739
66959466013440
28042181
89739873402701
97199963539620
92421878169600
28716311744683
89719868238359
96999945326683
61480873238400
76485183896879
89699957763323
96799966491559
36445593600000
47998204319953
89679875023939
96599931870819
8131356979200
38746739
89659907966771
96399983238999
73628003344896
72721272282319
89639873434927
96199978199823
28376776396800
17206109
89619891220877
95999875409322
13390097817600
29468521
89599974215443
95799958905843
35998194960000
33875833
89579986919047
95599901837854
6254889984000
9274637
89559938497357
95399921159823
11902176000000
21015489537883
89539995203501
95199884232456
47609236684800
29546393
89519990537443
94999911476243
14906032128000
27664771
89499999752077
94799915106600
12620634624000
27386897
89479849942313
94599900946171
30047846400000
23381359
89459997463523
94399955950265
75058679808000
37750697
89439943850927
94199842206332
83364240960000
35392067
89419949070553
93999868875677
16246652018688
18282623
89399958587993
93799919349644
83710972800000
11768509
89379939925657
93599996756479
12436623360000
15562091
89359867141393
93399948878084
32942331002880
27763019
89339894137457
93199963478803
14892595200000
68383398563119
89319932114869
92999879674787
46111887360000
25217117
89299878920347
92799892502083
22023187200000
63664936444877
89279936985611
92599943174001
78149320704000
25375579
89259890111393
92399870053575
87787929600000
10742807
89239927205491
92199928223022
7712610048000
4427719
89219933073017
91999857700702
31102144164000
8683061
89199973658491
91799956098435
47041985088000
28042390178083
89179935862819
91599878776804
85329867571200
26693666408419
89159980798121
91399896422773
50119880025600
62321514734807
89139906411307
91199950902446
76891252838400
85170553959559
89119953102331
90999974655609
11779528654080
33775921
89099952373009
90799855814231
57906441216000
32053031
89079910589227
90599953352386
51239485440000
64532571120749
89059977675169
90399957064595
25583910912000
21961847
89039949660061
90199930313138
35272336619520
55139244131731
89019924332051
89999960700123
7915022438400
12961961
88999958876287
89799913693552
65825270784000
30039472484003
88979995434467
89599962619525
7478894592000
81359547076513
88959825790207
89399935591458
10993975050240
57886813208701
88939946879401
89199982486460
14716366156800
28882912063339
88919960715673
88999959386640
49368953088000
6835184242937
88899966738829
88799918783957
79228606464000
1964367992711
88879974220787
88599986419787
75169877852160
36006401
88859945782609
88399972103387
43148851200000
10748713
88839975587183
88199921900095
30336768000000
21762174382021
88819957274273
87999904456691
18218483712000
14796829
88799917418237
87799842759342
20345123635200
28125521
88779981471319
87599885740740
29364249600000
25089457
88759839686923
87399987619299
9785427886080
21005401
88739985276289
87199878016209
66421555200000
32961769
88719877271329
86999970232127
67371264000000
15624313
88699955142979
86799979241066
20324906784000
34334793437431
88679915019793
86599906615363
29915578368000
39030371
88659856178767
86399958417675
71461780992000
23400259
88639939390433
86199980971883
49562556825600
34846949
88619874095827
85999878111930
7436841984000
3055501
88599952055683
85799935790202
10033886016000
13968481
88579939168993
85599995981254
11051251200000
23774917
88559973256103
85399937124232
74269960128000
47451280252769
88539991321147
85199977153472
59880038400000
65186765287627
88519976231971
84999825452540
13167274982400
21851737410157
88499826955823
23
812
42
57
77
755
6
839
11
691
15
218
85
562
65
263
4
931
18
387
77
479
17
577
71
571
92
831
83
187
100
96
37
213
7
783
69
851
31
228
95
83
23
240
95
891
80
54
90
874
81
298
69
675
27
660
69
567
26
875
95
129
81
103
61
132
10
471
32
151
30
698
66
35
50
64
9
888
75
513
58
298
10
293
29
650
7
139
38
912
91
861
70
346
62
747
10
744
86
114
71
178
51
859
62
895
22
539
7
999
90
799
76
396
41
357
30
286
67
997
74
428
3
382
69
3
52
932
13
755
11
210
52
478
25
914
5
300
63
910
78
678
50
760
26
43
33
242
67
386
36
400
7
944
54
548
37
946
37
593
94
59
31
668
73
778
90
727
35
697
29
129
80
677
60
211
86
691
61
824
90
506
71
418
70
577
68
620
51
12
81
66
52
642
94
383
226
86
0
