18
486
90
30
90
162
126
18
486
486
162
162
54
18
54
6
30
18
18
54
18
54
6
54
18
54
486
162
54
54
54
1134
6
54
54
90
162
6
18
30
42
54
270
6
18
162
54
54
54
18
6
162
54
54
18
18
6
6
18
162
486
486
90
54
54
54
18
42
270
162
54
42
18
54
162
18
30
6
18
30
162
162
18
6
54
6
54
486
18
54
90
6
18
6
54
30
54
54
1650
54
18
6
6
6
6
6
6
6
6
6
6
6
6
6
6
6
6
6
6
6
6
6
6
6
6
6
6
6
6
6
6
6
6
6
6
6
6
6
6
6
6
6
6
6
6
6
6
6
6
6
6
6
6
6
6
6
6
6
6
6
6
6
6
6
6
6
6
6
6
6
6
6
6
6
6
6
6
6
6
6
6
6
6
6
6
6
6
6
6
6
6
6
6
6
6
6
6
6
6
6
6
6
6
6
6
6
6
6
6
6
6
6
6
6
6
6
6
6
6
6
6
6
6
6
6
6
6
6
6
6
6
6
6
6
6
6
6
6
6
6
6
6
6
6
6
6
6
6
6
6
6
6
6
6
6
6
6
6
6
6
6
6
6
6
6
6
6
6
6
6
6
6
6
6
6
6
6
6
6
6
6
6
6
6
6
6
6
6
6
6
6
6
6
6
6
6
6
6
6
6
6
162
486
54
18
18
198
162
54
162
54
486
162
270
162
18
162
6
54
90
54
270
162
18
486
54
54
1350
162
18
1458
6
90
54
162
6
54
162
486
198
54
810
162
162
90
18
6
54
54
54
18
54
1458
30
54
486
54
270
54
18
18
6
162
18
18
54
18
54
162
810
162
270
30
162
6
1350
54
54
810
54
54
162
18
162
54
54
3402
486
54
6
18
18
54
270
54
54
54
54
90
42
270
7350
1458
2646
5346
4950
10530
8550
8910
7290
7722
26730
36450
11250
26250
2254
26730
3234
20790
3402
26730
18954
1170
8910
990
8910
4998
19110
2550
3570
630
810
2430
20250
10530
16038
5670
7722
71442
7350
3450
1458
4410
9450
3510
1350
24786
2970
3990
6750
6930
12150
3402
17010
990
1638
2250
12150
28350
12474
3150
2850
48750
11934
8910
10206
17850
11250
16830
9702
750
3510
2754
32670
950
9450
11970
20250
4950
17010
11466
12474
26730
13770
1530
8910
1890
28350
17010
8190
3762
5346
7722
9126
34650
2430
13230
5250
14850
11550
4590
18
6
6
6
6
6
6
6
6
6
18
6
18
6
18
6
6
6
6
6
6
6
18
6
18
6
6
6
18
18
18
6
6
6
18
6
18
6
18
18
6
6
6
6
6
6
6
18
18
6
18
6
18
18
18
18
18
6
6
6
18
6
18
18
6
6
6
18
6
6
6
18
6
6
18
6
6
6
6
6
6
6
6
6
6
6
18
6
6
6
6
6
6
6
18
6
6
6
18
6
328050
20790
47250
47250
7290
56250
110250
26730
2970
47250
22050
47250
13230
47250
28350
20250
182250
28350
47250
71442
36750
5250
882
20790
47250
119070
110250
39690
141750
85050
47250
123750
71442
56250
18522
47250
13230
6174
78750
15750
20790
47250
66150
22050
36450
168750
85050
141750
15750
112266
85050
66150
11550
85050
30618
141750
168750
18954
7290
101250
66150
28350
118098
14850
17010
198450
109350
141750
21870
36450
60750
43218
28350
47250
10206
28350
4950
131250
182250
26730
85050
1470
51030
15750
13122
2970
78750
47250
28350
13230
15750
28350
56250
33750
47250
13230
23814
15750
131250
85050
162
3150
6
6
162
13230
6
6
486
24570
18
6
162
60750
6
6
42
6318
6
6
18
11250
6
6
162
4158
6
6
162
4050
18
6
54
26730
6
6
54
3510
6
6
54
2310
6
6
54
5346
18
6
18
4050
6
6
42
13650
6
6
54
16170
18
6
54
690
6
6
270
60750
18
6
54
24750
18
6
30
9450
6
6
54
6426
6
6
54
9450
6
6
4374
14250
6
6
162
4410
18
6
1134
7650
6
6
18
17010
6
6
54
14994
18
6
486
1650
6
6
54
3570
6
6
162
2250
6
6
162
10530
6
6
6
2970
18
6
54
24570
6
6
18
8262
6
6
54
1458
6
6
162
5670
6
6
486
7290
18
6
18
882
18
6
6
4158
18
6
486
13650
18
6
54
3750
6
6
1458
990
6
6
54
1650
6
6
162
6750
6
6
54
12150
6
6
18
7182
6
6
6
22050
6
6
378
15750
18
6
54
1870
6
6
54
12250
6
6
378
5670
6
6
4050
2070
6
6
486
44550
6
6
162
9450
18
6
1458
13230
18
6
162
7290
18
6
18
714
6
6
486
810
18
6
54
11250
6
6
18
17010
18
6
162
17010
18
6
54
15390
6
6
6
24570
6
6
378
22950
6
6
54
5586
6
6
54
8550
6
6
54
10206
18
6
54
22050
18
6
18
5130
6
6
30
39690
6
6
4374
20790
18
6
810
11466
18
6
162
16038
6
6
18
2850
6
6
18
10710
6
6
54
4410
6
6
18
4050
6
6
18
7350
6
6
18
15390
6
6
6
9450
6
6
54
20790
6
6
162
2310
6
6
18
24570
6
6
486
1638
6
6
162
5670
6
6
162
17850
6
6
18
9450
18
6
810
3402
6
6
486
31590
6
6
162
3570
18
6
54
34650
18
6
54
1386
18
6
162
7650
6
6
4374
17010
18
6
126
3150
6
6
1134
8250
6
6
30
36450
6
6
54
3570
6
6
2430
5850
18
6
54
5250
6
6
6
630
6
6
810
3570
6
6
18
4158
6
6
1458
3990
6
6
162
36450
6
6
162
5670
6
6
162
8470
6
6
54
3510
6
6
54
1350
6
6
6
2970
18
6
6
7290
6
6
486
6050
18
6
42
1750
6
6
4050
1650
6
6
18
8190
6
6
486
43750
6
6
810
7350
18
6
54
1250
18
6
18
28350
18
6
18
12150
18
6
162
9750
6
6
18
3990
6
6
18
2430
18
6
486
2142
6
6
162
20790
18
6
270
5670
6
6
6
17010
18
6
90
2310
18
6
162
5850
18
6
486
13650
18
6
54
19278
18
6
54
5250
18
6
18
5850
6
6
54
4158
6
6
162
6318
18
6
18
1386
6
6
162
5250
6
6
1134
4950
6
6
54
3510
6
6
1458
5346
6
6
18
1690
6
6
54
20790
18
6
18
2310
6
6
810
5670
6
6
6
4050
6
6
486
6930
6
6
54
13230
6
6
18
6534
6
6
18
17010
18
6
18
6930
18
6
54
13650
18
6
6
18
18
18
18
18
6
6
6
6
18
6
18
6
18
6
2
30
10
30
18
6
6
6
6
6
6
18
6
18
10
6
6
18
6
42
18
18
6
18
18
6
6
18
18
54
6
14
30
18
18
6
18
70
14
54
18
54
6
42
18
18
18
6
6
18
6
18
2
6
18
6
18
18
10
2
10
18
30
42
6
6
6
6
6
30
6
6
6
18
18
54
18
6
6
30
6
18
6
18
6
6
18
6
6
18
6
30
6
42
30
18
6
30
6
54
18
18
6
6
6
6
6
6
18
6
6
6
6
18
6
54
6
6
10
6
6
30
30
54
18
18
10
18
6
6
18
10
6
6
10
10
6
6
14
6
6
18
6
6
6
6
6
6
6
6
30
6
18
18
6
18
6
6
18
6
6
6
6
6
30
18
6
18
18
6
6
18
18
6
18
18
6
18
6
6
6
6
