13 17 42
7 8 47
5 22 33
1 32 32
16 18 4
10 4 36
10 14 10
6 38 1
9 40 36
16 45 24
19 24 23
3 16 18
11 43 43
16 43 28
16 21 42
7 36 39
3 39 32
14 43 48
14 43 39
5 39 16
13 36 43
9 38 19
4 11 24
11 16 44
17 19 14
9 34 44
8 33 30
13 11 36
16 18 1
8 15 12
12 3 12
4 43 47
18 19 38
9 46 8
7 45 23
15 22 13
17 7 21
4 33 32
9 4 16
13 17 14
8 22 30
14 46 34
14 50 37
1 36 40
3 45 33
9 16 9
14 18 32
8 27 37
11 42 7
18 8 24
13 19 45
6 25 7
6 30 47
17 40 4
6 9 30
5 15 8
18 9 29
3 44 49
7 24 6
8 11 31
17 41 28
6 15 35
16 38 23
13 38 45
3 6 40
15 4 46
8 36 10
18 8 22
19 21 36
6 39 36
14 45 17
14 1 21
17 24 17
1 18 45
10 7 37
11 20 47
8 9 10
13 7 14
16 39 37
13 47 16
2 18 40
15 41 26
11 8 31
4 42 24
10 38 43
5 6 12
16 31 18
14 33 11
16 34 19
6 49 8
3 46 12
13 41 20
10 40 26
13 17 12
6 23 36
9 16 46
11 48 23
6 43 44
3 8 44
9 22 25
6 30 39
17 20 42
15 2 36
12 25 46
11 11 6
5 18 4
9 9 39
18 9 23
10 12 47
9 19 28
18 28 23
8 17 14
10 31 33
7 1 24
16 35 34
17 14 43
15 47 41
6 19 29
1 44 38
17 37 17
8 49 39
12 38 3
19 8 35
5 21 19
17 40 15
8 12 24
12 20 32
7 11 46
12 6 18
6 18 9
10 9 2
13 12 30
16 42 41
5 1 46
5 5 35
15 6 11
7 21 29
10 46 47
19 18 2
14 26 31
9 16 16
19 50 40
9 11 14
19 25 36
16 19 43
8 6 27
14 2 4
13 13 22
10 5 18
16 26 32
12 43 5
13 44 20
16 39 43
11 4 24
5 43 40
4 15 4
9 8 50
11 4 39
14 20 32
2 14 21
15 27 39
19 9 1
17 31 21
6 46 13
13 19 20
16 14 35
8 16 41
15 44 50
15 25 48
14 41 49
14 12 44
9 49 49
12 22 7
6 7 47
18 29 49
11 9 15
5 7 10
3 14 14
11 9 32
18 17 2
8 38 4
2 48 48
7 3 2
16 4 45
7 36 36
4 19 46
5 1 16
12 42 19
4 32 25
2 20 13
4 25 32
12 47 45
6 17 16
6 43 37
9 1 48
18 7 25
18 12 5
15 34 32
6 26 36
13 42 13
4 24 49
15 40 23
7 14 10
17 19 16
11 5 10
6 22 33
18 16 49
14 11 47
2 10 22
15 16 39
10 5 2
1 2 50
9 36 26
14 15 13
16 31 45
6 38 12
10 17 10
13 31 4
4 44 11
6 19 37
5 3 29
11 29 39
16 37 25
13 50 41
3 33 17
16 34 5
12 37 36
7 16 19
4 46 39
14 31 32
11 37 14
2 21 10
9 34 26
4 2 39
7 42 1
15 48 37
4 25 37
12 2 2
14 6 41
5 19 12
9 16 5
15 21 41
5 16 40
13 28 16
4 27 47
16 34 18
1 30 39
9 16 25
7 9 40
4 47 35
13 50 50
7 16 24
15 4 40
10 45 18
7 5 45
12 49 42
17 40 8
4 23 14
5 23 1
6 7 41
17 30 8
11 15 21
9 37 26
11 49 15
14 12 1
17 48 2
13 30 31
7 46 27
13 35 13
12 49 49
18 44 16
14 29 17
17 32 50
6 35 34
7 17 49
5 42 28
16 21 1
15 5 9
9 15 16
9 44 15
18 16 2
11 31 33
3 9 50
19 4 32
13 21 19
16 41 37
9 39 30
10 1 12
19 8 7
7 48 29
6 24 50
9 19 1
2 16 22
8 10 22
15 7 35
5 33 36
8 6 22
16 39 9
6 43 24
8 10 36
2 4 16
13 42 5
6 9 16
8 47 32
18 5 21
1 26 17
19 28 24
12 38 28
1 6 32
5 3 33
12 2 35
18 10 26
6 44 7
14 44 10
12 42 6
13 37 6
1 11 10
18 15 10
8 50 5
8 2 13
17 44 16
2 36 22
8 18 18
19 6 10
2 28 17
3 25 13
6 39 11
16 47 7
18 47 28
18 30 10
19 5 25
9 38 26
1 30 25
10 48 9
19 5 23
17 37 11
19 5 9
17 31 31
16 17 37
2 16 9
7 26 46
3 44 49
10 49 12
7 20 4
6 4 33
2 19 38
2 30 37
8 7 7
7 23 42
13 26 31
3 6 9
3 13 19
5 45 38
4 40 50
4 46 46
14 10 36
18 39 7
10 18 9
14 30 18
16 47 10
11 10 37
17 19 13
5 43 28
9 44 3
6 42 1
3 47 23
5 22 42
2 40 49
6 21 12
14 34 38
15 15 20
11 24 21
19 7 5
7 25 35
11 47 24
10 2 18
9 47 23
7 19 9
11 7 22
5 50 7
17 41 29
9 6 24
2 47 32
9 46 21
14 45 45
11 6 44
15 44 35
7 35 33
7 50 14
3 39 19
14 48 47
19 24 26
4 39 37
1 15 25
4 7 32
4 44 41
1 15 12
13 46 43
2 7 43
6 8 44
1 19 7
5 30 3
18 2 44
10 26 50
6 35 14
17 31 6
13 16 24
17 12 41
11 10 29
8 47 37
10 47 50
16 12 42
1 38 35
17 32 31
14 34 40
16 48 2
11 19 43
16 41 42
6 18 50
10 9 48
11 50 20
4 27 17
9 47 28
10 8 32
1 19 36
14 18 49
15 3 46
1 20 6
8 23 4
17 41 37
15 44 17
4 49 21
6 12 44
8 36 47
14 35 43
3 42 7
7 20 41
9 25 50
19 26 9
6 10 18
2 24 29
10 32 6
3 45 33
17 33 31
4 29 28
9 9 32
1 33 18
15 33 44
4 29 4
9 29 31
15 47 26
13 40 11
19 49 14
1 2 4
12 42 6
15 40 14
16 18 22
5 1 22
7 42 25
11 9 14
3 15 45
11 7 35
16 9 35
4 33 50
16 43 21
4 49 2
15 20 28
12 4 4
2 4 26
18 30 28
3 22 48
18 42 50
17 35 39
13 29 42
9 1 14
4 23 36
6 14 22
7 30 47
8 2 34
16 33 27
4 24 20
16 41 12
4 45 12
7 37 12
13 25 34
8 39 50
9 31 12
4 48 28
18 49 3
4 2 38
15 21 44
1 13 46
14 47 17
6 28 15
18 10 8
18 40 21
6 6 6
2 6 28
15 25 30
16 35 32
15 22 6
3 10 37
15 1 7
13 3 12
8 17 9
17 4 7
6 21 43
15 43 19
8 33 38
11 16 36
6 14 13
3 15 43
15 11 17
15 13 17
4 3 13
10 32 28
2 34 18
3 9 30
11 22 11
15 13 7
3 11 7
2 47 13
4 28 10
16 19 27
13 24 23
2 29 13
17 20 41
8 4 29
6 36 47
6 19 31
6 17 30
6 1 12
11 47 37
14 24 33
13 17 9
7 23 9
13 45 40
2 48 2
9 34 45
14 41 20
5 29 43
19 33 11
14 39 39
13 14 33
2 2 1
15 6 3
6 43 43
13 34 40
13 2 40
2 38 45
2 24 36
5 47 15
10 39 24
17 10 33
7 38 4
5 13 11
7 29 33
18 45 37
12 6 14
15 27 40
6 18 47
14 29 23
2 26 47
8 10 25
18 9 41
10 37 23
14 45 22
12 14 48
13 16 3
8 29 34
18 36 4
18 27 44
9 37 5
4 38 6
6 11 22
7 48 15
18 28 19
12 3 34
11 3 47
16 8 34
15 9 42
13 20 29
3 3 18
6 16 28
3 45 50
18 34 8
13 20 13
13 36 2
17 30 50
17 7 33
7 32 18
2 28 46
18 50 42
5 4 16
6 26 10
14 18 23
9 37 46
10 28 22
5 38 18
14 46 46
1 4 14
10 5 48
10 36 49
4 35 44
5 44 49
12 13 13
11 43 33
1 2 23
18 29 33
10 3 41
3 48 40
11 2 20
10 6 30
3 48 25
8 29 46
10 18 6
18 25 46
15 45 34
7 21 5
9 26 1
16 20 28
7 16 20
1 44 3
3 11 20
2 28 20
4 49 28
6 26 44
4 29 34
13 6 27
4 14 50
13 25 20
12 13 15
16 30 30
17 31 28
13 6 1
4 29 48
16 30 45
1 50 44
1 46 33
3 32 4
9 46 22
7 9 15
6 24 19
17 30 12
7 50 50
12 14 12
5 33 17
12 37 18
16 33 10
10 23 49
9 37 39
8 9 38
15 27 24
4 37 35
15 2 9
8 12 16
12 24 4
18 34 5
15 27 11
16 3 48
13 40 28
13 8 14
3 36 1
4 21 1
12 27 23
16 34 12
2 48 40
7 25 20
12 24 49
14 18 34
14 10 44
3 26 18
18 14 31
18 3 32
14 43 1
16 12 30
16 22 43
2 1 28
16 7 39
14 42 33
13 27 38
15 28 11
7 13 16
18 9 21
3 36 44
6 27 27
6 13 23
14 39 36
19 50 30
13 36 25
4 46 4
19 48 36
2 24 43
9 47 43
14 48 4
12 50 44
8 47 13
3 34 27
15 13 5
3 41 2
1 15 3
16 10 22
3 39 14
17 40 6
8 50 46
13 24 11
10 12 17
6 30 13
17 24 25
8 2 12
15 26 13
15 34 47
17 3 46
13 27 32
12 17 29
1 1 9
4 6 48
19 34 28
17 9 36
4 14 41
17 16 25
15 8 22
4 15 9
7 42 37
19 10 33
15 46 25
9 49 36
15 23 19
11 47 44
2 49 24
17 29 28
13 46 33
2 45 31
11 15 2
15 2 18
5 30 23
9 16 11
13 6 20
19 15 4
3 3 12
14 43 23
5 34 11
3 12 31
4 33 8
4 30 16
15 14 49
10 41 17
13 33 22
3 13 41
19 33 44
17 26 41
2 13 27
14 44 26
6 46 40
9 44 14
6 43 30
15 7 30
15 44 13
9 9 41
7 26 7
13 43 40
1 48 39
8 22 2
7 43 32
5 31 43
11 28 41
1 29 38
7 24 50
12 8 29
19 41 38
8 6 13
8 1 39
9 45 50
10 28 41
13 15 11
4 44 22
12 31 50
2 41 33
14 14 7
17 48 12
9 8 39
16 27 18
15 43 27
6 26 3
13 28 47
12 39 5
10 7 28
18 32 13
9 30 48
18 39 22
1 45 17
4 31 10
13 48 9
5 33 33
8 35 25
2 34 47
11 7 48
1 39 10
18 14 17
18 28 37
15 13 37
4 32 28
12 48 46
2 29 6
10 9 40
9 35 28
7 18 18
2 21 12
2 37 48
10 20 15
5 18 40
17 23 24
11 30 15
7 7 33
9 37 38
7 47 37
19 28 29
2 35 36
16 8 8
1 23 45
15 15 19
12 10 18
17 3 3
12 42 20
11 23 46
5 45 19
6 2 44
14 26 8
1 14 12
6 30 21
15 1 24
7 20 30
18 4 49
1 4 46
15 35 26
13 41 22
16 10 41
4 20 13
15 15 3
9 4 15
1 48 29
17 42 29
17 47 30
17 26 22
9 25 33
9 28 44
18 46 22
11 20 17
2 48 2
11 9 22
4 32 10
19 10 14
2 19 11
19 38 9
17 43 17
15 35 49
5 44 29
10 37 35
1 9 8
8 23 41
4 18 44
18 8 5
14 13 4
15 45 35
16 12 38
15 48 15
16 10 43
13 10 7
8 8 36
14 22 49
10 15 14
4 19 45
8 20 31
2 21 31
3 7 50
7 19 13
10 6 20
14 37 29
18 44 18
10 6 22
16 14 7
7 43 27
14 27 18
12 11 26
19 41 5
15 36 36
19 40 38
1 18 18
13 46 21
6 2 22
6 1 34
15 35 4
17 2 7
14 25 16
7 30 10
12 33 41
8 5 42
4 23 50
14 43 47
16 28 13
8 2 30
19 39 7
2 24 42
18 6 14
3 46 26
11 30 48
2 3 19
1 20 1
11 14 46
14 37 50
3 12 44
15 37 16
8 18 12
15 48 46
4 21 1
16 24 12
10 15 40
9 23 34
15 30 17
18 31 47
16 50 1
6 27 13
10 40 23
1 34 34
18 9 3
4 6 13
7 40 7
1 29 35
5 6 33
18 21 5
8 2 37
7 34 39
6 30 21
16 14 49
9 26 19
7 9 50
19 13 2
16 35 31
1 36 48
7 27 40
15 25 37
1 26 45
13 14 11
10 41 40
5 47 29
15 25 6
14 22 27
7 17 36
15 47 34
10 46 25
10 31 48
7 36 36
17 36 35
7 43 40
7 1 25
2 47 30
1 17 44
11 4 45
8 20 50
10 14 14
16 46 17
10 42 37
7 4 14
15 40 45
3 1 32
6 15 21
8 6 35
3 3 25
11 22 49
3 13 15
6 20 18
18 43 45
12 36 30
19 29 42
9 46 20
5 36 16
3 6 26
1 37 15
13 5 23
3 42 26
6 50 40
3 44 50
5 8 41
8 26 30
8 50 5
10 3 46
12 4 45
6 2 6
2 43 31
14 32 30
6 31 5
19 22 24
13 39 34
5 40 41
10 43 42
19 7 9
14 30 17
9 48 13
10 42 27
12 20 28
9 36 27
19 49 32
9 49 46
17 37 10
15 19 40
5 14 17
17 32 34
1 18 32
13 8 15
12 37 38
13 18 40
14 34 38
15 43 32
11 47 26
5 37 21
18 15 42
2 32 27
14 7 44
19 35 2
12 8 40
11 28 1
9 27 27
2 9 31
4 19 42
13 45 44
1 2 37
16 29 30
16 45 38
10 21 48
9 21 18
1 44 23
3 3 22
8 19 8
2 22 9
11 33 33
14 27 11
17 31 37
3 5 8
7 11 6
6 23 35
16 3 18
3 8 15
5 47 21
7 29 29
17 29 48
5 48 6
1 45 32
11 32 26
9 7 19
19 30 18
10 43 21
1 13 39
16 15 2
5 21 17
2 26 27
3 38 40
13 3 41
5 38 30
10 35 8
5 15 47
5 49 15
9 44 16
2 37 23
4 49 41
4 27 38
11 19 37
4 9 12
10 4 7
12 21 22
19 39 7
10 16 18
9 1 21
3 47 33
10 37 35
11 19 37
12 1 14
17 3 12
10 46 34
1 2 7
3 6 38
6 9 32
7 6 42
17 4 38
4 44 7
8 22 25
4 19 50
7 33 22
14 16 38
8 18 17
10 16 18
6 30 35
16 33 6
5 45 26
18 6 11
4 4 41
4 26 27
17 17 11
2 3 24
18 14 4
11 38 15
1 41 17
10 9 8
6 13 27
5 5 2
2 47 31
18 40 33
15 29 19
2 4 9
2 35 48
10 18 38
15 28 37
14 5 43
6 6 22
18 9 43
4 29 45
5 1 30
1 39 38
8 41 36
7 42 35
16 5 19
18 41 33
11 50 48
12 46 29
17 13 9
9 43 39
9 20 45
19 14 34
16 12 21
15 4 4
8 13 49
2 12 43
6 19 17
2 32 27
9 21 14
17 14 17
8 23 35
13 22 34
8 44 43
4 31 4
9 30 8
17 9 2
19 33 22
1 4 8
9 11 41
6 7 7
19 28 22
5 38 32
10 14 23
1 23 13
2 41 50
18 15 29
3 42 29
4 50 37
13 43 13
4 13 17
15 21 50
15 2 48
9 45 15
2 49 50
18 11 27
1 8 31
8 49 34
13 33 4
16 39 13
19 24 40
18 23 32
1 27 26
16 25 4
13 10 12
5 16 24
2 31 42
2 1 37
8 20 30
5 20 30
7 26 46
13 41 8
15 43 12
10 6 50
15 3 45
7 19 30
9 41 26
7 8 47
3 25 25
19 17 30
13 11 43
6 11 37
12 41 18
3 21 19
11 1 14
19 13 39
10 35 28
13 37 47
6 4 40
8 18 37
14 19 4
17 38 27
5 18 47
8 2 5
4 11 11
6 18 27
12 18 5
14 17 23
3 44 42
5 27 33
19 1 13
15 32 4
3 4 41
9 30 36
15 18 7
19 33 22
2 23 5
12 14 10
14 31 31
10 1 46
9 42 37
19 2 28
7 26 49
10 43 5
7 6 28
6 18 21
1 8 15
16 1 25
8 28 36
17 29 46
17 40 13
6 7 37
2 43 6
17 12 33
12 21 5
5 40 3
8 32 11
5 23 21
17 29 37
10 16 26
9 16 1
6 34 17
19 6 45
15 18 49
12 9 37
8 32 48
12 38 16
10 21 22
13 42 46
1 20 1
1 2 22
7 24 28
8 18 8
3 37 28
6 23 19
15 39 5
1 43 38
1 29 5
9 31 30
12 42 19
3 2 17
15 39 34
12 15 30
19 7 50
4 41 29
12 18 38
11 29 24
13 32 30
16 24 49
7 17 26
2 13 16
19 44 22
17 27 16
2 18 21
11 24 24
8 1 20
2 46 9
17 32 27
18 14 49
1 45 2
5 38 43
17 37 41
17 19 7
16 41 25
14 2 4
5 30 31
16 32 23
10 10 28
5 19 28
7 24 3
10 45 24
1 1 22
11 23 40
5 37 6
8 22 13
19 39 38
13 15 2
5 4 7
6 41 15
10 12 13
9 50 38
14 23 3
3 27 34
4 4 25
15 33 22
17 22 5
6 40 48
6 45 12
8 12 21
1 36 23
5 50 15
10 19 39
1 2 14
15 39 11
5 36 16
11 23 43
7 22 31
11 25 1
19 37 43
11 21 25
17 50 21
13 6 7
1 3 29
13 45 7
12 7 32
9 47 30
18 5 42
18 32 27
2 26 32
14 49 38
2 30 36
18 20 19
13 21 16
6 19 4
14 36 35
4 46 34
3 7 14
15 12 47
17 6 47
19 27 11
14 40 30
10 18 30
1 4 8
3 4 16
13 2 33
15 45 7
3 42 6
10 37 7
13 35 28
13 47 50
19 48 16
19 3 32
1 46 35
3 15 46
6 42 9
4 5 19
18 50 50
7 7 12
18 49 24
16 41 36
19 35 31
8 16 25
5 26 2
10 13 2
7 9 33
7 33 33
16 42 46
15 45 26
5 14 29
7 48 4
9 45 41
14 48 23
8 21 24
3 16 8
8 50 6
14 1 1
5 40 23
6 13 39
7 18 27
4 5 50
10 13 38
5 10 35
1 45 12
8 41 24
14 15 29
17 7 20
5 23 49
6 22 26
19 42 4
11 9 49
1 43 9
5 14 18
16 16 28
5 37 26
14 8 9
3 18 39
1 18 12
3 24 3
11 2 13
6 49 41
18 36 50
19 50 12
6 22 10
15 37 23
9 14 41
19 22 30
12 43 20
11 5 19
5 31 27
18 29 32
5 2 25
8 30 27
8 42 33
1 25 12
7 45 35
7 32 32
9 46 22
13 40 33
14 14 2
7 42 48
12 5 37
9 45 37
3 16 21
18 42 5
14 41 19
11 28 32
13 33 3
14 25 43
9 49 37
14 26 26
13 13 17
8 36 16
14 35 16
11 46 3
19 37 9
3 11 30
5 6 38
5 28 46
9 3 16
18 33 37
8 49 1
6 41 36
8 31 14
2 22 30
2 5 43
13 21 49
4 5 42
13 17 26
12 6 25
13 20 50
5 1 18
15 10 46
19 43 15
17 7 2
8 16 14
4 7 42
13 8 32
16 38 42
2 43 2
17 16 3
3 50 35
18 16 13
1 41 37
14 41 36
13 21 43
3 24 42
7 33 25
16 37 13
6 46 8
8 12 44
19 41 40
2 36 21
19 39 11
5 20 37
2 20 44
19 15 39
4 14 7
10 48 13
12 22 21
19 8 29
19 29 9
16 9 33
16 27 36
13 41 3
13 38 45
11 5 19
13 1 12
14 36 38
18 17 4
19 4 6
18 5 2
12 30 45
18 47 41
17 43 34
12 12 7
17 7 33
10 31 6
14 16 23
13 20 10
8 16 18
19 34 41
7 33 17
4 22 26
13 15 12
11 19 44
9 12 14
3 19 15
3 5 43
4 45 8
2 2 48
18 30 46
17 50 6
16 25 5
19 16 40
18 23 8
1 46 7
7 19 45
18 34 40
18 12 41
14 31 1
7 14 10
16 26 20
1 21 7
3 1 47
1 48 34
5 40 25
10 17 9
19 42 35
2 34 26
3 9 37
16 33 37
7 48 25
5 30 17
3 7 25
14 19 38
13 22 8
8 27 36
18 43 47
17 18 27
13 16 13
16 39 18
14 37 14
19 33 27
7 43 7
8 20 36
6 19 30
14 27 8
2 10 33
17 31 26
12 42 15
5 16 7
7 37 32
11 5 42
16 41 8
11 32 17
12 22 14
7 26 37
9 8 21
16 27 44
12 8 30
19 48 12
6 23 36
7 45 28
7 10 22
18 26 11
16 43 27
8 24 13
15 30 24
5 42 46
13 26 41
9 28 33
17 43 32
2 12 42
4 17 2
18 26 23
12 27 39
19 39 34
8 49 34
5 30 10
6 32 46
3 44 25
7 42 25
2 17 40
13 7 49
4 30 12
2 23 45
6 39 35
4 46 1
4 16 44
9 31 48
13 9 33
2 12 30
3 49 33
10 48 40
19 32 23
2 32 1
3 11 37
4 40 42
14 3 36
7 39 21
9 28 25
12 25 2
15 16 3
14 26 2
19 2 21
3 45 12
11 8 46
1 43 48
11 48 40
11 17 37
3 29 20
9 31 34
17 14 5
18 47 15
9 6 14
11 5 27
19 5 43
5 8 49
12 24 31
3 50 39
18 31 32
16 46 2
10 28 24
5 18 29
17 15 40
7 4 12
15 13 48
2 8 42
14 36 6
19 14 37
9 8 9
9 43 5
9 26 2
4 20 14
3 37 26
16 32 12
6 36 44
3 23 14
17 18 5
1 32 1
13 33 23
15 39 38
1 28 48
16 21 36
2 8 19
9 41 39
14 32 26
1 38 33
5 48 17
8 2 20
19 48 29
7 21 14
7 2 15
18 39 24
4 14 24
13 37 17
13 19 50
8 31 48
15 42 28
8 9 15
10 49 1
1 13 12
17 49 21
3 11 15
2 40 30
2 11 26
13 3 38
17 20 41
13 11 4
4 26 19
10 18 32
4 36 3
18 39 26
7 47 44
10 17 4
10 11 35
17 4 35
8 40 39
7 31 24
2 22 37
11 4 29
19 49 5
4 39 31
13 23 13
12 36 1
12 15 46
13 7 37
8 2 18
1 47 15
8 39 23
9 44 9
3 44 30
13 30 3
19 6 9
14 6 26
5 38 2
13 26 22
2 46 48
10 25 14
4 42 9
7 13 41
11 4 38
12 4 40
1 1 48
6 43 20
19 43 12
17 7 47
10 17 33
1 48 42
18 45 29
6 44 36
2 14 44
15 50 26
1 5 49
18 32 47
17 15 18
2 41 45
7 12 24
16 30 37
7 8 28
18 1 10
13 36 9
16 4 16
5 3 31
10 37 47
12 44 20
4 31 48
8 12 14
11 31 19
6 29 41
6 46 28
16 24 20
17 18 3
12 32 45
10 12 44
16 18 37
6 35 50
18 41 13
8 50 7
6 30 1
16 14 41
9 10 25
11 2 46
8 14 19
12 40 23
13 14 40
13 18 1
1 9 26
15 17 20
12 21 1
6 50 46
12 40 31
12 10 16
19 14 24
11 23 46
1 32 3
2 11 48
16 47 17
7 34 27
11 15 31
11 1 17
4 40 41
17 22 21
12 22 1
2 40 47
2 34 12
11 4 10
4 35 42
15 3 21
6 46 48
13 22 47
11 4 22
18 41 41
6 4 25
6 41 36
7 1 30
10 12 37
7 4 34
15 41 17
13 50 46
13 50 1
6 50 41
17 3 24
16 13 39
15 34 46
5 3 1
9 13 31
11 6 21
12 4 25
6 34 16
3 41 37
16 20 7
9 48 11
4 36 38
14 2 19
14 16 37
1 11 5
11 1 37
15 26 20
15 29 2
2 30 15
10 10 47
8 31 30
18 15 12
17 12 27
17 47 33
16 16 40
10 44 35
9 17 17
11 18 29
6 2 41
13 2 2
17 33 13
13 38 17
15 30 29
2 32 10
4 32 33
13 12 2
10 36 32
5 5 46
19 50 30
5 45 3
15 23 40
7 7 19
8 11 16
16 3 43
1 24 35
2 25 49
2 29 6
10 9 21
17 14 43
1 35 20
14 48 23
18 37 22
13 46 22
6 3 29
11 43 14
10 12 40
13 9 8
11 23 13
14 15 32
11 4 42
8 40 15
8 46 13
13 28 32
18 49 33
10 12 20
1 10 31
16 40 42
6 23 3
2 46 50
2 22 12
6 12 4
5 34 37
19 19 27
8 21 1
19 42 43
5 47 22
12 25 11
9 17 49
16 14 15
13 3 39
8 44 49
12 14 48
4 33 29
1 34 13
15 38 39
8 11 32
19 10 35
3 39 49
7 17 45
6 26 13
16 36 32
15 8 34
8 1 2
12 33 49
8 26 38
6 26 9
10 35 43
17 39 23
6 28 44
17 16 13
11 35 34
17 11 9
7 32 46
16 27 13
13 40 12
2 29 19
2 27 13
8 22 1
5 25 10
19 33 50
10 26 13
10 25 18
5 26 25
11 21 27
2 45 23
19 21 25
14 3 47
12 49 6
7 25 25
1 18 23
9 49 3
11 32 8
11 37 8
14 46 44
11 30 50
7 10 35
2 12 6
15 13 24
19 23 11
19 36 50
17 43 2
12 23 31
17 31 19
2 28 14
15 3 35
14 46 35
8 20 22
15 10 18
3 29 3
3 20 3
17 3 48
15 7 41
12 13 3
16 6 47
11 15 7
14 1 22
6 21 26
10 40 11
13 5 16
17 47 40
15 25 37
14 25 28
18 15 4
10 35 27
14 20 12
3 32 47
9 4 3
14 30 22
15 3 36
18 7 10
3 5 3
10 45 25
18 13 39
6 10 43
2 37 23
16 13 44
9 44 22
9 3 23
4 17 22
13 33 10
16 42 18
13 49 31
4 38 37
2 15 12
18 27 32
13 26 42
13 16 36
10 43 19
6 48 33
17 33 17
9 14 29
1 46 27
19 12 21
19 17 39
10 16 4
18 50 2
5 39 17
16 36 43
6 45 31
10 27 44
11 15 21
3 22 40
8 14 17
11 32 7
17 47 5
16 27 45
11 26 49
18 12 2
8 38 20
4 37 10
4 22 10
19 11 14
9 9 8
13 33 34
7 22 29
8 10 48
8 13 23
19 33 39
18 42 32
19 47 43
13 22 31
16 27 7
8 10 8
15 14 33
7 38 2
15 8 44
9 40 43
16 36 23
9 39 45
1 40 32
16 22 46
2 8 12
1 26 48
3 4 36
4 41 17
15 28 36
9 49 27
6 44 15
18 45 35
5 14 50
8 35 18
8 48 42
7 2 50
3 33 23
7 14 28
14 2 28
19 26 4
6 37 17
9 14 24
5 25 47
7 43 39
4 38 39
3 23 17
1 48 5
13 5 25
10 46 12
11 12 17
8 9 33
14 30 45
6 46 15
11 32 4
10 31 8
9 35 18
14 22 23
6 8 12
17 7 36
3 49 5
16 36 31
6 7 6
1 28 9
15 44 19
19 50 20
9 47 45
6 11 13
7 28 44
2 31 47
11 29 12
9 47 41
19 19 49
7 50 43
5 2 44
13 18 11
3 43 31
13 49 27
13 43 47
6 42 36
2 35 2
1 43 41
15 31 7
19 31 37
1 1 4
14 41 45
8 29 38
3 29 31
8 45 31
17 46 11
8 1 16
8 45 5
17 2 13
3 20 28
11 18 35
10 33 16
17 45 25
12 42 30
8 12 10
3 5 30
11 44 42
16 30 39
1 17 19
17 50 45
4 16 33
10 17 41
7 49 50
4 32 35
12 17 33
16 7 12
13 5 37
11 34 1
13 46 43
5 1 1
16 31 43
5 38 36
4 8 44
5 8 15
13 14 4
7 38 24
8 15 4
8 50 19
19 23 42
16 3 21
4 42 28
14 37 20
3 46 3
8 33 19
15 27 41
9 29 41
2 22 11
15 48 13
7 32 45
1 14 4
1 8 17
7 6 30
4 17 8
6 41 43
16 2 21
18 33 25
8 34 25
10 47 42
2 45 45
15 26 15
2 30 10
17 44 28
10 34 22
19 12 26
17 29 45
12 28 2
4 9 30
2 46 6
10 15 9
3 42 26
19 38 47
11 33 46
13 26 3
14 21 20
8 17 23
7 14 34
9 39 45
9 49 2
9 25 25
5 36 30
1 42 9
4 7 21
1 9 1
6 12 28
5 8 29
10 38 43
3 27 8
19 26 28
3 13 18
5 34 46
5 29 42
6 14 11
6 43 25
5 17 31
4 41 49
10 21 29
15 8 16
14 40 3
3 45 13
15 11 44
12 18 32
15 28 16
4 44 15
15 42 37
12 5 22
17 10 34
3 38 32
12 18 5
5 18 43
15 8 28
8 23 37
2 19 44
12 22 20
11 48 26
17 26 26
19 20 7
10 18 18
1 19 19
17 32 42
10 47 8
15 50 39
12 5 35
10 22 33
1 14 12
4 25 50
1 28 41
4 14 4
8 43 2
15 15 39
13 26 22
17 34 14
10 7 2
7 8 31
14 24 47
15 29 35
16 30 46
16 16 28
13 25 35
12 44 30
3 3 40
15 12 31
16 48 32
19 11 40
5 47 35
7 14 17
8 30 5
15 31 20
13 26 43
16 28 15
18 19 22
19 43 44
12 18 9
16 6 6
15 23 33
14 49 9
12 40 27
3 38 11
6 44 26
15 15 46
2 18 12
13 28 12
19 29 48
9 4 33
19 10 4
10 14 46
8 17 46
10 2 43
5 22 23
16 37 39
18 42 20
7 36 8
14 43 30
17 47 36
4 43 6
17 14 7
9 23 10
18 22 38
13 25 19
4 19 42
18 49 46
4 44 42
4 15 7
1 15 10
10 47 24
11 40 13
13 13 25
12 16 13
9 47 43
7 33 19
4 6 10
7 2 43
8 46 21
5 41 49
5 32 30
14 42 12
15 44 11
18 29 17
14 39 48
14 50 18
19 6 17
5 30 33
10 31 25
6 12 17
19 32 24
12 31 38
13 38 4
10 4 33
8 18 39
1 22 7
19 49 17
19 6 22
13 42 22
18 7 11
5 44 19
9 15 33
6 38 19
6 8 14
10 7 31
4 13 19
6 20 9
2 17 6
14 1 22
16 30 35
6 12 11
19 7 48
7 12 20
15 3 42
10 39 23
17 49 38
7 17 6
18 36 29
2 42 23
16 33 32
4 22 7
17 48 18
12 30 39
11 6 50
15 9 16
8 3 7
7 32 26
18 24 2
1 5 4
14 34 19
19 21 37
6 32 30
15 3 26
7 7 29
19 3 16
17 43 21
14 48 10
18 20 25
10 25 25
1 3 18
9 40 30
4 48 27
11 40 4
3 33 13
9 22 23
4 18 16
8 4 12
3 41 17
10 34 35
3 42 38
3 21 13
15 38 45
18 20 12
8 2 28
15 34 6
11 18 35
1 20 38
15 26 11
16 22 2
3 33 14
15 29 42
15 44 33
15 11 43
11 5 24
13 13 16
8 1 41
7 14 10
10 11 37
9 5 13
16 24 4
10 37 33
1 7 5
2 26 42
5 38 28
9 50 43
5 30 10
6 9 36
12 37 8
7 21 21
16 24 15
3 1 47
14 10 4
10 37 25
13 25 18
19 25 7
18 12 28
4 24 14
13 37 27
10 45 3
8 3 38
16 26 29
10 18 37
1 28 25
19 4 41
16 48 3
15 1 25
4 40 14
17 25 19
2 1 31
5 24 17
3 23 26
5 14 6
14 42 25
7 17 13
11 40 18
8 14 45
11 48 9
6 18 42
15 28 9
17 2 48
4 3 48
18 32 14
1 39 50
11 15 23
6 49 45
5 29 28
17 24 33
3 11 37
18 28 38
13 39 42
11 39 16
8 10 3
16 36 50
15 28 31
19 21 7
4 34 30
7 38 10
3 19 44
14 9 21
7 50 27
13 39 4
15 41 11
9 37 24
13 49 40
19 32 40
11 28 46
6 5 41
7 32 39
3 44 3
19 36 45
4 42 32
9 1 45
3 29 34
14 8 25
2 25 35
4 26 36
11 21 21
1 25 19
6 37 34
9 49 38
17 48 49
16 36 31
19 9 41
2 6 19
5 26 3
11 45 43
18 35 34
5 45 29
6 21 18
16 25 10
17 38 7
7 45 1
11 10 31
1 32 42
1 43 20
7 36 11
15 29 11
12 23 36
18 35 35
3 17 36
11 44 6
15 28 43
11 25 16
9 10 49
14 37 31
10 27 45
12 50 1
19 26 9
4 30 32
18 24 22
14 23 25
7 20 20
17 30 30
2 46 13
19 12 8
2 11 3
11 38 42
18 43 21
15 41 48
15 2 9
4 7 17
12 28 23
12 1 47
17 8 22
10 11 34
13 21 48
1 34 20
13 41 44
10 25 22
18 38 36
17 39 25
4 20 33
8 26 9
13 26 22
18 30 10
17 42 19
18 5 45
3 31 24
4 11 34
4 15 23
17 42 21
13 46 1
1 17 31
19 16 49
19 12 43
7 11 40
18 7 23
4 41 2
12 31 16
1 29 11
15 36 38
15 25 50
19 4 40
5 7 15
2 21 6
13 19 46
8 3 44
16 38 19
16 8 11
14 32 28
8 14 17
17 16 34
12 19 44
18 39 7
13 49 1
11 2 42
12 47 20
7 31 42
7 38 39
5 19 44
15 15 43
6 19 9
13 5 8
19 12 22
7 30 44
13 10 18
16 8 32
7 27 17
15 20 45
1 13 3
6 35 23
15 22 47
6 7 27
10 22 13
12 21 49
13 12 35
11 23 22
2 4 5
15 21 23
11 14 29
15 4 26
3 19 43
3 37 4
11 24 18
10 33 47
5 22 26
3 43 5
9 35 25
9 28 23
19 37 29
6 20 9
1 29 22
13 28 27
2 30 32
11 35 47
10 20 34
10 35 46
7 2 12
19 23 6
10 43 16
19 47 24
12 19 4
8 27 37
10 10 43
19 2 44
9 41 43
2 4 38
11 33 4
18 31 34
12 36 39
15 32 31
13 24 4
2 22 15
16 12 46
16 26 42
17 13 26
13 1 44
2 27 48
2 35 18
1 23 31
14 18 16
15 18 1
1 6 16
1 34 11
17 11 36
6 36 11
11 48 19
6 33 6
17 44 25
5 44 26
13 9 17
11 14 41
10 31 48
14 20 46
17 38 17
14 18 4
15 48 25
10 50 3
14 16 33
2 49 4
9 43 39
5 17 3
14 18 41
7 12 4
5 9 17
1 32 19
14 40 47
10 45 32
13 21 15
5 44 46
19 24 22
10 20 36
19 6 20
14 31 38
5 32 46
17 49 47
16 49 11
10 3 12
16 13 40
9 26 38
15 48 7
11 47 11
8 24 35
7 38 36
15 2 24
10 34 47
17 48 49
5 11 29
15 45 9
13 44 45
5 18 39
19 9 6
14 46 25
5 49 21
9 32 40
19 10 4
1 16 14
16 34 37
2 44 3
2 46 10
12 30 12
16 46 29
17 8 43
3 17 18
12 2 13
16 42 15
14 21 21
15 28 15
10 37 1
7 33 8
15 35 34
3 7 17
1 47 40
13 4 18
18 20 23
16 13 23
11 7 49
1 33 12
10 23 3
2 26 6
8 2 24
11 14 27
5 26 23
15 18 48
3 26 45
10 27 47
19 45 41
14 22 2
6 6 19
7 33 16
7 4 41
5 21 2
7 25 31
5 14 7
17 35 42
13 31 38
10 49 41
10 19 32
8 29 24
11 10 39
19 12 38
13 4 49
2 12 42
1 43 13
9 14 10
13 39 32
8 23 27
3 25 46
1 13 11
7 14 11
17 29 40
15 41 38
12 21 37
17 32 5
12 22 17
7 38 36
17 6 33
11 47 9
16 25 12
12 27 27
6 32 9
4 43 21
19 16 4
4 27 36
2 13 16
15 30 26
4 39 35
18 30 44
8 13 6
10 8 27
15 14 17
16 27 7
7 38 14
12 6 8
7 3 50
19 6 16
14 1 27
15 20 19
7 7 22
1 5 30
4 15 18
19 39 7
7 50 38
15 50 15
19 14 21
14 18 9
12 22 31
8 17 26
9 23 34
8 16 14
7 47 45
11 5 6
4 26 24
12 40 33
8 50 46
19 27 4
14 28 19
18 36 27
5 4 44
15 5 32
18 33 34
10 15 5
16 35 44
7 28 43
7 6 40
18 46 5
13 12 10
2 37 46
2 3 19
7 50 22
12 30 12
10 15 39
14 18 47
5 34 35
7 37 42
1 6 25
3 4 2
19 5 12
15 44 25
11 41 42
15 38 27
11 2 42
12 31 46
8 28 43
13 45 15
6 49 37
13 38 25
10 23 33
10 13 32
14 25 26
16 17 14
6 37 36
10 27 5
10 33 10
16 34 13
1 22 21
11 46 31
10 45 35
17 47 19
1 35 47
7 5 38
16 23 40
5 2 1
12 11 2
11 36 36
17 40 9
15 44 2
15 34 44
1 37 31
16 39 28
3 21 6
16 37 8
6 4 2
10 27 18
17 19 37
10 37 32
9 41 22
12 4 34
2 49 38
19 2 25
2 3 17
16 33 50
17 46 43
6 12 2
10 6 20
18 13 10
8 6 11
9 3 1
6 35 46
9 18 33
17 30 38
17 4 7
15 4 10
2 35 50
15 35 36
15 34 30
15 10 41
2 42 36
13 26 6
19 13 46
8 36 12
15 14 34
13 9 6
1 21 2
1 2 44
13 2 6
12 35 3
1 31 26
2 35 2
1 9 6
14 3 1
10 12 39
7 25 9
19 46 34
4 31 38
14 4 18
14 7 36
8 6 35
10 13 5
14 22 43
17 23 26
10 9 13
4 5 5
16 17 38
2 23 29
14 26 39
15 6 47
8 49 23
3 38 6
8 40 14
10 17 19
16 45 39
15 35 2
10 1 46
14 45 11
17 45 34
11 19 25
13 7 35
16 38 6
10 28 26
1 49 4
11 27 44
2 22 40
10 18 24
6 16 47
11 29 25
2 8 37
15 6 16
17 25 16
19 8 42
11 50 27
12 18 24
14 5 7
18 48 14
14 47 46
10 5 14
1 24 14
10 17 18
8 47 28
7 10 45
18 29 34
13 12 50
12 44 37
10 37 18
1 43 36
6 38 40
3 47 50
7 19 31
3 37 4
4 1 6
5 8 10
13 37 50
8 44 34
4 3 17
17 44 31
18 45 31
6 9 42
15 44 42
10 3 26
8 5 15
3 49 26
14 13 45
3 31 19
15 19 6
10 32 41
14 8 34
15 2 9
19 22 15
9 34 4
6 11 26
4 2 34
10 6 32
1 33 46
11 22 44
3 43 50
7 1 29
1 10 16
6 11 23
5 42 32
7 20 41
1 33 30
8 4 14
13 4 5
5 4 3
8 21 15
9 27 32
17 41 29
15 17 11
7 39 46
11 32 33
19 38 22
19 38 21
12 43 8
9 28 19
10 22 9
18 6 20
6 18 39
5 42 16
18 31 26
6 41 18
18 2 45
7 20 25
16 25 18
8 18 48
16 31 4
16 40 43
16 26 33
11 18 17
1 48 33
18 47 36
10 18 13
14 34 27
1 23 42
10 36 12
5 4 30
15 12 5
12 46 44
4 23 25
19 5 19
16 1 12
15 8 31
14 31 3
10 39 19
8 18 20
15 32 21
12 41 30
15 5 18
11 2 29
10 19 48
18 49 24
4 45 29
5 7 23
16 39 50
15 40 8
9 42 47
2 16 46
4 38 39
13 41 30
11 32 21
2 13 11
19 43 2
5 27 19
3 33 31
18 21 20
7 15 48
6 46 15
8 39 38
18 38 28
5 42 43
4 23 24
12 44 15
6 3 39
1 41 38
18 29 38
8 14 45
10 13 36
5 31 16
17 20 21
12 28 47
16 1 48
18 48 24
3 45 37
9 12 6
1 38 24
1 28 28
14 47 7
2 43 19
13 38 14
2 4 26
6 22 36
15 7 48
12 30 27
9 43 9
11 23 22
11 14 35
13 41 35
2 48 30
19 30 28
7 25 26
4 42 46
2 23 33
17 11 1
7 50 13
17 46 46
11 37 20
12 7 43
14 43 23
7 25 9
11 17 46
3 28 45
13 12 44
11 32 46
13 31 6
4 26 6
10 10 14
5 26 21
7 50 37
9 12 47
15 26 26
13 47 4
6 34 5
13 49 14
13 44 42
10 18 47
15 1 43
9 41 16
5 21 39
5 29 41
19 49 6
2 31 17
6 42 25
19 43 17
12 30 31
16 48 2
13 17 37
19 49 38
2 23 45
14 29 38
1 19 39
10 33 45
16 25 7
2 27 15
3 26 7
2 35 21
17 17 9
9 46 44
12 7 40
14 14 48
9 40 28
18 6 12
9 44 44
8 12 23
9 44 25
8 48 46
2 23 15
13 31 5
18 36 35
2 13 17
17 49 39
12 8 4
2 8 2
13 3 41
14 41 8
12 10 15
18 47 35
14 45 34
10 23 30
16 12 17
19 4 22
3 37 32
16 38 9
19 34 38
9 34 44
8 10 50
3 6 26
9 17 24
14 15 3
7 45 22
18 3 49
4 35 4
5 31 5
14 9 49
7 19 9
6 36 43
11 39 26
11 13 39
6 5 5
1 28 33
19 34 19
13 41 4
17 41 23
13 7 43
3 3 32
8 36 49
17 41 18
4 43 34
16 19 37
13 4 27
10 47 6
15 10 10
11 41 36
7 38 46
9 15 16
1 34 30
10 31 16
5 47 14
17 21 42
16 9 28
16 12 45
10 41 4
3 15 37
15 44 44
13 46 25
7 17 43
9 3 22
12 32 20
10 37 13
15 49 9
10 40 3
18 26 36
11 18 19
17 37 26
16 13 48
11 8 31
13 27 47
5 27 20
1 8 6
4 35 33
4 31 32
10 33 10
11 5 37
3 10 38
11 5 37
3 18 26
2 47 35
5 8 1
4 29 45
19 24 16
10 13 7
15 31 17
12 19 33
10 16 47
7 32 48
5 5 18
18 15 5
18 42 24
12 22 49
12 16 48
5 15 35
7 23 48
1 42 6
1 11 48
9 26 12
13 23 46
9 12 15
5 1 34
7 10 20
8 42 41
2 29 23
5 13 26
15 30 21
12 45 33
12 25 48
10 46 47
10 44 34
17 45 11
1 34 8
13 3 42
6 35 46
17 40 36
6 4 5
16 6 14
7 21 48
17 17 17
13 36 39
15 30 31
13 15 47
3 4 49
5 46 34
12 44 50
18 24 14
1 35 27
3 10 46
14 24 9
6 30 17
8 22 33
10 37 4
5 11 11
4 31 14
2 7 39
14 8 15
8 1 8
11 35 7
14 20 20
19 41 2
3 41 12
6 33 26
16 34 49
10 8 21
15 7 21
1 13 23
18 39 1
8 18 49
5 50 41
6 3 33
8 17 39
17 2 13
6 7 3
11 31 42
6 26 50
5 1 35
5 25 40
7 11 37
13 13 3
1 47 35
17 14 39
19 8 37
17 23 20
7 19 45
13 5 16
16 21 15
12 12 3
17 35 26
10 32 26
13 44 21
6 36 11
19 3 37
8 42 9
15 22 13
7 43 47
6 4 26
5 27 14
16 6 34
4 17 29
17 31 50
3 10 38
8 34 32
17 22 31
17 36 35
4 31 10
17 6 5
18 23 16
13 47 25
7 42 42
14 29 3
13 49 17
11 35 47
11 49 28
16 32 17
6 7 10
10 45 28
16 3 43
19 29 11
4 12 15
18 32 13
2 26 46
8 34 11
2 16 34
2 44 9
17 35 17
5 18 18
5 31 5
12 24 23
19 10 7
5 15 8
18 29 29
3 35 30
14 47 13
6 32 30
5 20 4
14 8 39
12 48 40
6 27 22
19 9 49
12 42 20
14 31 37
16 26 48
5 50 46
6 45 37
2 20 18
2 47 23
8 36 19
8 33 12
17 32 13
15 38 13
12 10 32
10 39 14
16 40 14
14 1 15
8 46 28
11 3 17
2 42 18
7 41 8
17 36 34
18 7 22
17 8 48
18 17 29
14 26 6
8 41 43
17 21 10
12 20 30
8 10 13
14 28 19
7 46 1
16 25 14
9 28 10
13 32 40
4 35 23
5 9 10
2 2 14
17 15 24
14 40 49
4 45 11
10 20 40
15 34 46
12 7 22
11 13 22
12 34 38
13 14 29
18 25 18
11 39 10
10 28 42
15 28 25
9 24 41
5 1 47
9 42 35
17 21 47
3 28 37
1 47 23
18 44 6
3 29 26
14 49 36
7 35 12
14 20 2
14 6 29
13 33 3
5 35 13
4 5 16
7 10 13
19 35 12
15 28 18
13 23 21
11 16 22
7 45 31
7 43 4
12 18 22
11 36 48
12 46 13
9 43 7
17 30 8
3 1 7
5 15 40
10 17 11
5 27 31
6 44 11
2 48 33
13 22 27
4 48 21
12 23 5
9 17 8
11 20 34
10 27 34
15 42 23
17 36 5
12 20 7
16 10 12
18 47 29
8 22 40
17 25 18
9 42 48
1 42 29
8 33 6
2 40 23
3 24 21
5 2 43
2 40 8
7 48 3
18 31 28
11 29 46
8 42 48
4 26 49
1 40 10
15 26 24
16 35 17
19 44 4
7 35 13
15 5 49
5 37 11
12 31 41
16 32 45
2 19 33
13 23 32
2 23 31
6 21 24
18 29 14
1 30 28
19 10 4
19 23 25
7 17 15
6 15 21
10 2 20
16 43 43
17 6 13
19 38 17
13 29 48
4 50 37
15 16 47
15 21 8
5 12 26
6 26 41
5 33 18
13 8 38
19 37 44
13 3 41
10 1 9
7 14 1
17 8 32
2 47 47
13 17 28
12 2 10
15 18 40
14 37 22
4 33 10
3 22 13
7 37 35
3 16 13
2 22 7
15 42 16
7 36 29
14 9 14
17 43 7
5 22 28
5 32 31
12 21 15
6 36 36
7 47 50
5 24 20
12 7 7
11 13 25
18 22 10
2 13 16
4 35 26
6 24 2
7 46 33
5 43 30
4 38 2
4 19 28
16 40 14
14 41 26
4 31 2
11 20 17
1 25 30
3 33 29
16 17 7
13 7 18
1 41 21
18 19 10
15 15 37
10 37 7
16 47 5
6 3 31
8 22 45
16 20 31
3 19 6
19 7 16
17 6 5
17 46 13
7 46 6
8 28 39
19 33 21
2 5 9
7 13 44
18 3 4
5 36 4
5 26 19
16 47 11
11 39 32
9 43 9
2 48 39
3 17 44
2 30 6
4 7 25
4 24 46
6 10 6
10 33 36
3 8 16
2 50 34
15 11 46
11 37 1
16 21 23
16 5 49
9 37 5
1 25 46
6 41 31
3 46 45
7 9 2
14 16 47
19 5 29
14 6 24
5 38 37
3 22 11
3 12 39
18 1 19
16 7 42
6 32 42
4 35 37
13 15 38
6 40 8
9 8 1
14 30 35
11 48 37
14 40 49
17 42 27
2 8 33
16 37 27
15 50 45
5 2 26
3 43 26
2 24 26
9 39 44
11 16 17
6 14 22
12 31 14
8 43 20
7 43 15
17 11 7
18 19 22
7 31 32
2 34 35
14 24 46
7 48 31
3 41 48
8 43 11
4 42 1
10 11 16
12 4 20
18 19 3
11 22 36
17 1 3
19 43 20
2 15 3
2 43 44
15 5 34
3 12 3
1 33 4
5 26 42
5 18 4
18 44 15
10 1 4
12 2 36
16 6 4
10 37 23
14 7 16
2 4 13
3 15 33
7 21 46
9 41 37
18 6 16
15 41 33
14 46 46
16 2 29
13 31 6
19 9 7
9 50 43
13 5 4
14 1 2
14 48 29
14 24 42
1 13 35
17 13 15
17 46 8
4 46 18
9 13 31
1 22 45
15 33 26
19 36 14
3 6 23
11 42 9
2 17 32
18 12 23
12 15 12
11 43 25
18 41 47
16 33 43
9 41 49
11 35 35
15 44 31
12 44 22
7 28 48
16 14 49
4 24 9
3 6 45
5 47 16
13 43 22
13 27 22
11 42 12
5 35 28
18 29 2
3 42 46
12 42 13
2 38 3
17 40 17
12 9 48
14 42 5
9 33 33
16 36 40
12 17 50
1 9 24
6 19 38
11 6 16
6 25 13
9 27 25
11 24 15
3 25 30
15 45 19
15 17 12
11 3 34
19 28 33
4 24 47
4 45 33
8 22 22
10 19 18
15 23 30
14 33 13
18 43 40
6 22 13
10 6 46
13 25 13
4 48 26
11 16 32
6 23 21
10 9 32
1 47 50
9 35 44
3 40 39
16 48 31
13 16 8
16 2 38
13 10 11
2 47 13
19 10 46
1 42 20
2 7 13
5 40 45
15 18 33
2 33 28
3 48 50
4 15 26
2 7 14
12 18 48
2 41 34
16 24 33
13 3 20
19 5 46
14 25 6
14 18 5
1 7 31
6 28 43
10 34 42
7 18 4
13 5 27
9 30 3
11 25 7
8 27 37
19 48 36
2 18 7
16 19 37
2 37 35
9 26 49
16 34 42
15 30 23
3 4 40
19 5 32
15 47 5
2 29 31
9 33 42
14 8 41
8 34 44
3 16 28
3 41 46
11 28 38
2 21 12
9 5 43
14 25 25
4 7 28
14 49 19
3 46 10
8 46 7
5 14 25
19 2 35
7 37 38
15 25 43
2 9 19
16 3 48
3 46 48
2 21 49
5 43 46
11 32 45
15 46 37
7 21 23
3 8 50
2 42 30
18 48 34
16 39 19
19 13 15
6 3 18
13 37 24
8 50 28
19 4 4
4 26 6
12 33 26
15 31 2
9 28 8
2 15 2
15 20 18
18 41 33
15 49 4
10 12 10
3 27 47
12 21 24
4 48 32
2 44 5
18 21 45
1 39 42
4 37 41
9 32 12
6 20 8
15 24 22
8 44 17
5 28 34
6 1 35
15 12 1
2 13 14
12 33 45
10 38 4
13 37 31
3 12 24
15 18 26
3 1 50
15 34 12
9 21 38
12 37 25
14 1 27
8 11 8
1 18 47
19 26 1
8 14 39
3 42 31
4 17 8
9 30 3
11 40 30
16 2 44
11 37 48
9 6 8
7 12 31
3 9 44
18 26 26
1 40 16
16 49 27
1 2 30
14 25 11
9 39 35
11 37 6
1 32 43
5 2 44
4 11 31
9 20 41
12 48 23
7 43 27
5 16 9
3 3 13
9 5 22
8 2 37
10 39 17
10 36 13
1 9 48
14 48 38
18 29 38
16 13 11
4 36 43
10 45 9
9 25 43
17 25 27
14 20 11
5 34 8
18 3 12
17 20 18
15 22 13
7 9 22
17 19 7
12 2 44
2 48 13
10 29 44
9 11 12
19 23 40
9 40 9
2 10 37
1 12 13
9 18 16
19 17 28
11 22 28
5 20 7
15 12 46
13 3 21
3 32 28
2 22 6
6 43 46
9 11 50
17 11 49
1 8 16
4 26 22
3 17 10
5 23 26
12 12 19
19 22 16
19 29 13
1 50 3
8 28 12
8 39 3
15 22 45
8 25 23
18 21 8
2 1 44
6 23 31
15 50 2
1 21 4
14 45 5
13 20 23
12 4 27
4 33 23
17 42 46
6 7 31
14 26 2
5 45 49
1 16 47
10 4 25
3 6 46
7 18 31
10 44 18
17 25 20
6 44 2
19 31 30
13 49 6
5 36 12
18 22 41
13 21 41
3 7 35
5 20 26
13 11 12
9 37 27
17 14 16
1 21 4
12 22 38
14 45 31
7 32 25
8 15 24
10 17 12
2 41 31
7 22 2
4 6 12
8 3 50
1 18 40
15 34 29
14 22 16
9 40 48
10 5 27
16 1 10
8 45 46
17 43 48
5 13 17
4 43 34
8 47 4
1 28 26
11 11 3
7 13 44
9 46 8
1 15 16
17 46 16
4 6 24
13 24 45
8 29 3
9 20 18
7 9 1
11 6 40
17 11 2
14 5 21
14 35 33
3 28 37
2 43 40
5 27 36
19 10 25
2 40 24
13 39 1
3 44 47
12 21 43
12 17 50
9 7 4
2 12 42
9 23 11
6 30 36
10 44 45
15 15 4
4 30 13
1 28 43
13 48 24
2 42 17
16 29 14
1 47 44
4 25 7
17 42 10
2 30 50
1 9 48
16 11 15
3 43 6
9 4 45
11 2 35
3 41 4
7 11 28
14 18 26
6 25 16
5 28 6
18 11 4
3 31 50
5 3 18
16 39 29
15 31 39
3 47 28
9 9 6
9 32 11
11 41 19
8 22 19
16 2 43
18 26 3
10 34 22
3 13 4
2 5 21
17 4 15
19 31 13
19 31 9
19 49 33
17 13 24
3 47 12
2 25 28
16 34 30
5 25 44
17 38 7
3 31 36
11 22 7
19 25 23
4 38 28
7 39 29
2 5 6
2 48 2
13 42 16
2 27 36
17 45 43
16 36 38
1 49 5
10 25 9
2 30 2
1 28 34
7 12 43
10 22 5
10 10 4
13 9 30
4 8 28
6 50 4
10 42 10
4 21 14
1 48 6
13 33 47
15 44 5
1 35 14
12 13 8
10 38 39
12 26 20
12 14 21
4 19 10
7 6 8
5 36 9
14 14 7
13 4 8
17 38 8
19 25 36
12 7 23
3 11 27
15 38 35
14 26 15
18 23 19
2 29 6
3 18 3
16 40 47
13 34 9
18 29 27
12 13 15
4 27 19
12 32 17
18 7 36
7 17 20
14 36 16
3 46 35
4 29 43
4 37 50
7 39 26
12 7 50
15 35 23
19 30 38
4 39 2
12 47 5
4 24 15
4 15 24
14 31 44
1 41 28
5 13 45
2 27 49
3 28 22
1 3 5
6 29 15
7 24 31
11 6 46
14 35 21
17 3 33
17 24 8
8 14 11
3 32 25
14 23 8
5 23 45
11 29 29
1 31 31
14 47 39
19 7 11
12 46 47
7 24 18
15 37 5
4 43 15
2 20 30
6 16 39
4 9 26
12 19 1
12 11 4
16 37 36
17 11 15
5 6 45
17 22 30
11 41 13
14 44 45
4 50 47
7 48 46
8 7 8
14 15 25
11 29 37
11 38 24
6 3 30
16 27 2
13 9 38
2 21 38
15 15 31
13 38 33
5 28 5
1 46 18
9 48 25
5 41 7
3 34 30
8 46 9
11 23 38
6 34 9
17 20 22
15 37 33
12 48 44
12 10 48
7 1 44
9 3 46
1 1 47
17 46 26
8 50 43
13 27 42
7 48 11
12 9 8
6 36 47
14 39 41
5 2 10
19 6 36
7 44 49
11 27 47
7 46 5
14 44 4
6 39 1
3 34 33
9 49 11
14 34 23
5 23 16
16 32 27
19 19 29
13 32 46
6 9 26
18 19 28
10 37 44
19 45 38
13 6 30
5 15 36
8 30 35
9 24 24
5 47 35
9 34 42
5 7 28
14 33 45
11 1 8
17 50 18
2 19 8
5 49 21
1 31 21
2 10 10
9 11 28
3 16 27
1 19 6
17 2 34
9 15 41
17 37 6
6 48 22
18 30 42
12 8 21
14 2 30
14 4 32
18 29 28
2 8 3
4 24 12
16 47 47
14 3 14
1 38 42
17 8 43
16 5 27
12 21 11
10 45 4
7 37 36
15 6 19
15 23 47
5 26 36
6 13 7
6 47 40
8 2 14
6 21 13
10 2 18
12 49 39
5 10 19
11 18 3
13 39 16
5 17 12
9 45 7
3 45 10
12 25 37
6 5 17
13 9 42
2 17 24
10 43 11
14 2 35
1 19 29
17 36 19
12 7 19
10 44 3
18 23 29
16 6 37
13 41 45
9 5 1
18 7 27
3 40 13
17 14 41
17 14 9
10 15 45
8 24 2
13 17 42
18 42 3
10 18 8
18 31 7
7 38 8
2 8 37
6 43 39
7 50 14
9 35 45
9 49 21
6 14 34
5 6 31
15 23 48
12 46 22
6 27 27
1 1 3
1 6 1
10 46 22
2 18 5
12 2 21
11 14 4
1 18 3
14 26 32
16 12 48
2 29 10
17 46 1
7 29 4
17 18 29
18 17 23
11 42 23
1 28 27
17 44 14
10 13 7
1 46 27
5 35 23
17 50 44
1 38 26
5 36 28
5 50 24
16 42 43
5 27 4
6 48 30
16 16 41
10 41 3
18 4 2
3 44 18
3 41 42
8 50 47
15 24 27
1 38 20
19 2 2
10 43 1
2 25 16
12 1 15
10 18 41
15 24 25
11 48 31
17 20 23
5 18 1
12 10 9
4 41 21
9 28 3
3 14 43
1 36 13
9 25 2
14 31 18
10 47 21
9 25 47
5 30 1
15 5 7
7 12 30
17 41 30
16 15 39
12 17 33
10 36 14
3 31 44
1 45 38
5 1 45
8 2 5
6 44 1
6 4 26
1 42 17
14 1 27
16 45 32
2 34 11
13 11 27
12 20 14
4 17 43
2 9 25
3 35 45
1 24 22
14 39 50
11 20 39
14 10 14
7 16 34
9 11 46
4 36 48
16 7 50
3 2 29
19 9 47
1 43 20
8 47 31
18 15 29
9 16 36
14 1 7
9 4 25
9 26 29
2 7 42
6 33 39
10 8 32
7 48 42
9 8 49
9 19 9
2 27 19
12 16 28
13 17 37
19 31 42
15 1 18
2 15 5
13 7 33
19 18 5
16 1 24
18 7 43
6 19 18
12 10 20
13 12 2
6 49 42
18 6 31
9 24 47
5 18 7
7 4 10
17 33 12
9 13 28
2 33 23
1 50 13
4 33 42
12 14 38
12 44 40
5 13 12
15 6 8
10 35 41
1 5 28
13 18 25
6 6 43
15 26 33
7 46 43
10 18 16
15 10 11
1 39 49
15 23 34
6 37 44
2 22 29
7 11 4
8 44 46
4 9 7
4 45 3
5 10 1
14 26 47
2 33 24
15 15 25
2 1 42
5 6 23
9 13 12
2 38 47
1 12 50
4 33 33
18 12 22
3 15 35
5 15 25
11 42 34
3 12 3
17 39 43
3 1 31
16 17 20
8 45 48
6 49 10
18 24 28
4 33 35
8 38 23
13 3 22
5 43 2
4 33 34
17 44 49
19 15 22
17 5 23
2 27 47
17 33 6
19 32 46
9 16 44
14 8 5
10 43 6
1 48 10
9 41 4
12 50 43
16 43 48
1 38 34
19 37 14
10 35 45
15 5 16
5 12 45
18 24 36
3 16 6
3 9 32
6 31 34
3 23 1
13 4 6
12 31 50
12 38 1
2 11 19
13 45 41
17 42 13
16 31 11
6 39 46
18 2 4
17 31 4
14 47 24
15 12 47
18 46 24
4 48 19
14 41 32
12 38 8
8 4 31
12 26 31
1 16 17
6 17 10
2 16 10
3 28 49
8 42 38
9 22 49
1 45 21
14 35 7
11 46 34
10 31 45
16 39 2
4 29 42
14 44 27
3 11 1
5 9 30
15 1 50
13 18 34
2 47 6
11 18 17
14 36 4
19 11 6
2 23 20
18 20 50
19 15 12
3 26 36
12 28 42
4 32 21
8 20 7
2 43 14
4 1 39
17 5 44
8 2 45
13 27 5
15 44 15
9 14 28
15 30 16
1 37 50
11 39 20
12 37 1
12 27 36
15 8 38
4 35 43
12 17 46
17 35 47
5 39 2
14 4 46
13 26 50
16 2 16
14 42 34
4 8 32
7 44 20
1 29 10
2 30 5
10 37 2
2 43 19
4 35 45
2 14 47
17 25 33
9 14 15
16 11 34
17 33 22
12 5 46
16 27 8
12 11 41
12 32 50
2 4 1
18 46 37
3 43 36
19 48 12
17 32 22
18 35 26
14 36 3
8 35 3
2 16 5
18 40 49
14 47 44
15 15 47
1 2 37
15 2 21
12 18 3
6 25 50
6 15 31
16 45 33
19 40 34
7 20 32
3 38 17
15 33 7
1 38 5
13 4 35
18 42 20
17 11 40
19 43 15
2 34 34
7 4 27
17 47 3
14 30 35
7 8 35
3 27 23
4 8 2
2 36 39
8 46 25
14 6 40
11 49 49
14 31 3
7 38 39
4 20 37
8 18 43
10 38 30
17 17 4
16 41 4
13 33 46
8 6 17
6 4 34
3 21 49
10 31 22
14 37 47
19 40 14
17 26 31
18 13 8
2 40 32
2 10 17
10 28 45
2 22 2
10 43 29
5 42 4
2 45 45
19 28 35
17 29 6
8 22 18
13 37 33
5 38 21
9 16 16
2 12 45
13 42 3
12 21 19
2 26 33
6 24 49
17 37 5
13 23 32
19 37 4
18 46 39
2 15 24
10 1 24
19 46 48
5 45 27
8 6 42
12 28 49
17 13 49
4 23 33
4 19 50
4 11 29
14 45 18
11 43 31
10 17 13
8 31 32
7 27 11
2 34 44
6 22 17
18 4 13
19 32 21
12 21 6
12 39 21
16 18 2
8 28 35
6 15 29
11 22 34
19 46 34
2 32 27
4 1 24
1 38 32
19 18 27
7 12 1
13 31 36
11 48 25
4 20 17
11 37 2
3 7 26
9 48 37
18 27 22
6 35 47
6 48 27
7 28 13
7 23 36
13 30 35
12 4 18
16 1 49
14 9 40
7 15 46
16 8 46
15 8 22
19 23 37
1 15 11
2 24 34
19 20 40
11 17 21
13 24 18
16 5 46
2 24 28
9 36 18
14 26 35
6 35 43
4 26 32
13 31 9
1 21 21
4 43 23
14 49 34
17 8 50
14 36 41
16 7 49
4 9 42
17 42 50
10 4 29
12 50 39
11 16 10
8 26 1
19 44 11
18 6 47
12 38 45
15 24 22
1 48 34
5 22 32
10 27 15
17 36 41
5 13 13
11 30 21
12 44 17
19 41 33
7 9 23
11 41 30
1 22 10
7 22 30
15 14 40
14 33 10
14 31 18
13 7 16
16 39 17
16 31 44
4 37 17
17 33 47
5 37 20
2 6 18
10 10 7
15 36 31
9 14 19
13 42 16
7 35 29
14 4 1
17 9 36
1 2 3
12 3 45
10 15 49
16 41 28
17 15 28
11 45 45
1 12 4
10 48 27
7 10 29
1 41 39
2 26 5
18 13 40
15 21 24
11 41 30
9 17 6
17 29 13
15 45 28
10 49 23
8 7 36
5 1 10
3 50 2
19 29 37
1 45 44
18 39 3
10 37 30
4 21 38
9 38 35
5 45 23
17 11 46
16 41 50
14 19 49
4 48 24
5 38 14
5 13 22
18 20 40
14 30 16
12 46 44
9 29 14
17 17 37
11 47 22
18 32 2
14 21 3
9 46 33
7 16 9
13 39 43
2 46 13
17 37 48
12 41 20
4 14 11
16 38 26
5 33 21
11 12 18
17 18 36
5 39 11
19 47 40
8 32 3
10 17 2
17 24 22
15 46 39
8 16 19
11 39 36
13 1 10
5 37 49
3 28 18
4 39 26
2 16 44
11 14 46
18 5 18
14 5 49
15 39 11
16 24 28
5 41 4
9 21 12
7 24 15
8 23 31
8 40 6
4 48 39
6 3 28
9 30 3
16 25 36
13 27 8
4 23 30
10 31 19
11 16 48
12 26 11
5 9 36
19 45 1
8 7 45
1 13 39
2 50 34
2 42 22
10 16 48
17 17 1
17 11 27
8 42 25
7 35 34
17 3 41
16 8 20
6 19 45
17 31 27
1 20 16
18 36 40
2 5 49
4 19 9
12 10 1
4 3 23
4 17 23
4 30 11
16 25 37
14 42 20
9 15 50
13 28 47
14 29 42
5 2 16
15 35 26
11 29 6
1 43 43
5 32 35
14 27 1
7 13 13
10 8 2
19 26 13
2 27 6
12 44 40
8 11 25
19 17 6
7 35 27
11 42 32
19 37 3
16 15 15
7 26 35
11 24 10
18 48 8
12 24 21
15 46 17
2 25 29
6 44 33
4 7 18
11 50 48
2 2 31
5 10 34
8 39 42
1 11 27
3 38 45
8 41 39
3 29 7
5 27 50
8 19 34
4 30 21
15 26 20
16 31 16
11 22 3
13 42 41
2 24 18
13 36 45
12 16 4
13 30 33
5 7 13
10 35 21
3 48 32
19 27 38
5 12 44
15 49 18
17 10 48
12 5 25
12 25 49
7 5 44
1 5 18
1 44 25
17 2 18
18 36 25
8 8 48
2 49 14
19 49 40
14 2 42
19 27 34
5 9 50
5 31 49
18 12 12
17 49 6
17 40 43
1 45 50
19 17 49
15 25 17
1 16 10
19 50 7
1 35 39
3 5 3
19 42 23
8 6 11
4 12 1
3 3 12
16 16 19
5 15 6
8 11 50
15 15 46
16 16 23
3 18 9
9 40 44
5 45 4
6 21 50
13 30 32
11 32 2
7 7 9
16 31 34
1 24 40
11 43 11
8 8 42
13 8 29
5 35 37
16 24 33
3 31 31
8 3 5
14 36 24
19 23 35
12 21 19
19 4 20
13 19 12
10 13 39
8 9 21
11 41 8
5 29 49
16 21 25
3 16 9
19 41 17
7 28 18
1 28 16
19 8 50
3 49 27
7 19 47
17 27 39
18 39 9
7 30 41
7 18 47
6 36 9
9 32 25
13 40 24
9 34 19
8 6 2
7 15 27
4 22 1
3 31 4
16 36 46
10 21 21
11 26 29
4 43 3
16 45 22
16 10 47
13 42 2
5 13 22
9 6 50
1 7 20
4 35 49
13 42 24
2 16 16
17 32 40
3 47 27
17 28 49
10 41 30
13 42 2
13 46 6
10 4 7
5 42 18
12 33 47
15 5 30
3 16 42
11 27 22
14 1 50
11 19 15
14 6 5
11 13 42
17 8 48
1 7 15
10 7 43
3 34 27
8 25 21
3 41 26
1 43 38
5 7 20
6 19 33
4 41 26
12 26 21
2 38 17
10 42 34
8 17 22
14 7 23
4 37 27
2 19 25
12 23 19
7 10 31
1 18 2
2 17 33
13 47 11
5 46 48
15 28 48
14 45 44
1 1 6
15 44 20
14 36 14
2 21 12
9 49 50
17 1 47
16 36 8
10 13 37
16 34 9
3 28 7
11 9 7
4 24 8
13 37 12
17 6 24
1 22 5
4 43 32
10 38 1
14 50 34
16 13 45
12 38 11
19 11 44
4 32 27
15 42 21
14 15 17
13 15 31
18 46 41
9 39 24
19 43 5
1 12 24
1 15 30
3 31 13
2 1 45
12 4 15
8 35 29
19 45 37
19 42 50
11 11 37
18 27 24
18 19 4
9 47 3
13 10 38
15 26 27
14 49 6
18 18 48
10 16 9
16 34 14
7 2 16
8 36 32
9 45 42
14 8 32
3 23 50
2 30 6
11 15 36
5 40 24
14 7 14
7 49 38
19 34 22
6 10 27
15 4 3
4 44 48
8 30 21
9 13 20
19 48 23
6 29 14
11 4 6
15 31 44
17 34 43
16 45 13
4 24 11
4 20 37
15 20 18
16 17 11
17 44 3
3 45 4
4 47 12
5 35 39
6 21 40
12 44 23
12 28 38
5 35 5
11 3 17
2 33 42
17 26 16
3 38 20
13 38 28
7 16 49
2 39 31
3 4 44
18 28 29
17 34 16
10 11 4
11 13 46
6 18 8
14 3 47
4 8 36
15 30 49
9 24 2
1 27 15
3 24 45
14 7 5
1 35 44
15 31 31
3 15 15
14 49 27
9 27 22
6 9 6
10 29 24
12 35 47
9 5 22
7 32 6
13 13 19
14 21 25
15 12 1
3 7 1
11 32 39
2 21 5
16 30 34
15 10 10
11 34 10
17 35 7
10 21 37
5 16 26
12 31 29
3 32 47
2 13 45
1 13 26
11 29 27
18 45 32
9 37 47
4 9 48
15 16 4
4 22 29
2 47 9
19 8 13
5 15 9
2 43 29
13 1 34
3 23 6
1 38 24
1 35 2
14 31 23
13 22 29
2 40 5
9 44 32
14 27 7
5 42 24
9 49 41
2 12 34
13 36 8
17 50 23
2 21 23
17 20 37
5 20 10
4 36 37
13 15 22
9 5 21
1 33 44
3 18 6
7 7 12
1 33 29
19 35 38
10 15 48
10 28 42
11 9 9
1 45 9
3 45 29
11 16 26
5 3 22
2 48 20
3 6 20
2 20 22
8 26 28
10 18 34
1 7 1
7 42 22
15 10 18
12 50 37
19 48 50
13 8 47
19 47 47
11 7 44
4 46 33
15 43 37
12 7 24
7 14 26
8 34 21
2 49 9
12 7 16
16 23 40
9 22 22
19 10 27
9 48 7
9 14 15
5 42 22
8 47 31
5 21 15
12 33 43
7 50 4
7 33 41
14 22 5
5 23 14
15 22 7
18 18 42
4 1 5
4 48 36
15 37 21
14 3 27
5 30 9
9 26 47
11 30 27
17 37 10
15 1 48
14 7 38
4 40 11
7 50 14
5 16 46
9 11 23
4 48 21
10 38 13
1 1 19
4 48 26
5 43 7
12 24 17
5 42 21
10 29 17
11 4 44
19 29 39
3 21 7
4 32 9
16 14 4
16 27 6
13 16 12
1 46 8
14 15 35
18 48 41
7 46 38
11 12 33
18 30 36
9 10 22
10 37 32
6 22 50
1 42 16
13 17 45
3 37 13
10 42 44
1 17 36
5 21 32
6 6 46
17 23 44
5 46 15
12 38 36
10 25 2
16 23 31
16 14 16
12 34 9
7 44 3
13 14 29
17 9 26
4 28 48
5 43 41
5 48 17
11 3 36
13 48 7
15 39 14
17 26 11
2 13 17
17 38 34
15 33 49
15 44 45
4 33 29
9 14 25
4 19 1
14 17 11
5 50 16
19 27 32
1 43 50
11 39 6
14 28 13
17 7 49
12 27 4
11 7 40
18 30 50
9 21 12
11 3 19
2 1 7
18 29 33
7 10 7
2 19 8
1 28 3
16 50 41
1 36 2
4 25 27
17 19 4
13 33 4
15 46 7
10 14 33
10 16 24
1 21 22
2 40 37
7 19 42
14 49 37
1 41 49
8 3 31
5 19 11
16 34 5
10 33 4
4 19 47
7 24 2
2 42 2
17 3 22
14 7 4
18 13 49
4 27 8
8 43 19
3 47 4
9 12 10
15 12 25
17 33 17
2 40 35
17 37 10
19 39 30
4 43 36
9 25 25
11 8 42
10 23 11
5 50 19
14 38 50
8 9 39
1 27 18
18 7 14
13 18 44
4 21 25
16 31 42
17 42 49
5 32 3
18 2 23
2 3 41
2 1 35
18 7 49
2 45 15
19 50 18
3 36 8
11 6 46
17 8 12
9 44 9
18 46 40
15 6 40
13 6 47
18 45 32
6 28 17
5 30 40
12 9 45
2 37 7
3 24 35
17 41 8
18 43 16
8 48 19
8 12 18
19 9 47
8 21 40
11 14 6
14 37 34
7 42 49
5 45 38
7 3 33
7 10 44
7 41 45
19 23 7
2 33 3
9 13 20
17 10 41
4 24 32
14 22 12
1 36 16
12 40 23
4 39 43
15 24 7
11 27 23
1 7 27
1 27 24
9 18 30
4 2 48
7 36 22
6 50 23
16 48 20
9 6 43
17 24 34
1 34 8
11 7 46
10 26 13
3 45 14
12 45 42
6 7 36
19 26 12
5 44 7
13 32 7
9 48 5
17 26 25
19 20 13
7 24 41
14 38 29
17 38 48
2 48 4
5 15 50
1 9 30
11 5 43
2 44 31
5 26 4
8 27 18
1 8 5
16 46 34
4 49 13
14 38 5
9 4 43
5 50 7
18 12 34
14 30 26
2 34 32
1 1 38
19 6 49
7 40 15
7 45 27
11 17 9
10 41 21
12 47 14
6 17 7
19 11 2
19 47 22
2 48 8
18 8 40
18 27 7
19 35 12
19 27 46
1 43 17
6 40 22
17 15 1
9 8 5
6 13 40
10 24 28
13 11 16
13 6 36
1 2 15
4 50 12
4 43 44
7 39 2
2 48 1
17 14 37
2 38 38
19 8 21
6 30 6
5 4 30
9 40 5
17 15 21
4 2 28
1 13 9
10 14 37
2 34 13
15 30 37
17 49 36
14 44 30
17 8 48
16 48 34
4 5 25
3 8 19
16 20 33
7 42 2
18 22 23
13 23 31
14 4 28
2 41 2
8 18 21
3 20 48
15 8 37
16 25 9
9 16 43
17 28 43
9 32 20
2 26 43
14 20 17
19 7 43
5 29 22
15 18 45
19 28 21
3 6 24
16 38 32
3 27 21
18 39 12
10 1 48
17 8 34
3 5 11
16 44 36
12 12 41
14 12 32
4 38 42
12 32 47
17 21 32
19 43 30
8 49 3
8 17 29
1 12 40
1 46 44
13 17 50
2 50 26
14 24 32
12 37 22
17 37 3
7 24 39
4 20 21
6 38 49
13 13 33
4 14 30
14 39 12
7 33 2
4 12 3
9 2 33
2 27 40
6 46 22
13 46 8
7 1 11
3 15 49
13 6 13
6 9 16
8 20 31
5 50 2
12 33 29
17 3 25
5 1 45
5 18 4
8 2 12
2 34 44
11 49 30
4 44 46
5 21 3
15 34 31
10 26 11
8 26 23
1 9 48
14 47 38
9 38 38
16 13 28
7 34 12
10 45 32
1 5 8
4 23 41
18 39 23
19 46 27
1 28 20
4 36 1
2 32 16
8 18 48
14 41 26
6 6 22
16 5 25
7 4 31
10 35 7
8 28 42
11 3 41
15 25 38
16 42 43
16 34 7
16 26 24
12 23 30
16 40 26
16 48 35
18 11 43
12 14 18
17 38 40
14 5 45
10 13 43
14 37 28
2 10 50
13 47 24
7 43 26
16 22 5
2 9 31
4 24 42
6 39 36
19 50 41
12 2 15
11 15 30
19 49 15
19 45 12
5 1 29
12 48 12
3 8 33
13 36 27
8 27 22
11 33 11
17 3 11
11 22 25
19 34 41
12 26 29
18 37 22
9 14 36
14 50 17
16 31 39
18 43 25
6 25 9
18 14 19
17 13 34
3 49 38
5 31 36
2 4 23
16 17 45
15 47 45
11 27 29
10 38 41
11 8 47
15 1 27
19 28 10
12 43 16
5 7 9
3 10 24
5 29 29
1 8 1
2 16 34
2 12 7
11 45 2
19 26 23
17 30 23
7 48 4
1 5 13
14 27 41
1 23 28
16 1 11
6 25 36
16 36 15
4 3 47
4 1 32
3 50 49
13 46 23
7 36 32
12 28 24
17 22 13
1 40 23
16 3 5
6 19 10
18 18 39
8 8 43
1 33 4
19 4 25
6 22 13
13 36 31
15 40 46
2 5 3
1 1 36
7 6 40
9 11 4
2 39 38
13 20 31
4 6 8
10 37 46
17 3 22
15 1 48
18 17 18
10 9 42
12 25 6
8 33 10
12 28 44
8 27 15
18 43 34
4 19 19
14 11 21
8 33 29
14 1 27
5 42 38
14 36 31
6 25 21
17 10 2
19 22 32
2 17 5
3 26 31
15 3 11
5 50 32
12 15 36
17 13 10
14 16 50
16 21 13
5 26 38
3 2 4
7 37 6
9 46 13
13 28 21
16 26 30
2 39 40
13 16 39
18 7 19
4 6 15
8 45 25
9 33 45
7 37 27
12 41 13
4 7 24
4 8 34
10 43 32
16 7 17
3 13 44
16 46 32
19 29 22
19 10 14
5 45 7
2 9 45
14 35 29
13 4 26
19 10 40
1 28 27
7 19 18
6 35 25
16 32 17
4 50 19
15 27 3
4 35 35
13 31 26
2 3 25
10 40 38
6 8 28
17 18 23
19 20 20
10 46 46
6 27 7
1 36 8
16 11 9
18 41 1
10 4 15
17 5 17
14 8 9
16 50 34
3 26 8
8 17 15
12 24 7
11 39 50
14 37 16
14 27 16
6 49 9
11 10 26
14 38 10
9 16 38
3 35 38
11 20 12
3 14 31
1 19 18
12 6 4
7 11 6
13 40 35
19 39 9
11 5 33
12 21 28
16 50 42
9 33 5
2 30 36
6 2 39
4 35 12
13 35 48
10 23 11
12 37 33
9 45 13
1 10 33
16 3 11
19 2 39
12 49 11
15 28 29
15 28 6
2 24 5
1 10 34
8 19 24
3 5 13
15 29 7
9 8 2
12 39 3
13 32 11
9 38 32
9 19 20
12 24 29
16 11 8
9 40 46
9 37 5
8 36 29
6 42 17
15 16 44
14 7 46
19 34 25
2 42 22
10 46 11
18 37 39
8 5 48
3 16 17
9 41 33
7 50 31
12 1 47
6 13 43
16 11 22
5 25 22
1 1 21
3 23 29
13 4 16
10 37 6
5 22 35
4 23 7
15 14 28
11 27 6
12 34 21
14 39 35
12 49 38
6 22 35
3 46 38
8 44 36
4 16 39
7 36 17
5 41 39
3 21 29
6 11 32
14 9 10
5 10 48
6 16 25
10 16 46
1 27 38
5 49 13
15 4 21
12 49 47
3 45 47
15 35 6
9 33 37
16 47 17
12 22 4
8 2 7
15 5 46
2 23 49
6 47 20
2 19 18
10 46 34
2 1 43
10 34 9
3 3 34
15 46 22
3 9 8
3 30 2
12 16 37
16 35 47
11 37 45
4 49 8
8 17 44
8 44 3
19 4 6
14 50 40
15 31 8
6 45 32
18 32 18
6 19 3
19 31 4
11 31 44
18 48 14
10 41 20
16 14 12
3 9 50
15 8 46
18 17 4
17 40 46
1 50 48
1 5 30
7 6 50
13 49 41
10 46 27
11 12 1
15 5 17
3 9 6
6 2 1
19 44 13
19 10 33
13 21 20
16 29 11
19 40 41
19 46 2
18 35 38
16 11 8
6 12 22
1 20 28
2 8 27
6 15 9
2 50 36
6 49 34
6 44 21
4 4 31
19 37 39
19 4 30
4 45 22
4 48 34
4 13 22
5 5 38
6 14 3
10 15 25
12 26 50
8 8 20
4 10 15
12 9 49
18 5 18
1 21 6
19 19 4
13 19 22
18 32 22
3 50 39
1 39 8
18 28 10
14 12 27
16 37 7
19 9 19
16 17 26
7 22 23
1 28 48
8 44 32
15 44 29
6 30 18
1 29 47
6 3 18
9 25 4
17 18 19
11 46 40
6 31 33
4 36 14
11 2 7
19 22 38
19 21 46
9 34 49
6 13 29
9 47 8
19 27 49
13 18 3
9 38 4
7 36 32
7 29 37
19 43 41
5 48 15
4 9 20
6 15 40
10 38 31
16 37 9
18 48 47
7 46 41
15 7 34
11 34 42
11 40 28
7 37 8
3 29 9
13 28 2
1 5 42
15 17 38
1 48 45
13 12 22
9 7 45
19 17 29
7 27 8
3 44 26
2 9 5
1 12 47
6 43 14
18 12 1
16 38 38
2 3 3
11 3 18
1 1 49
11 41 38
12 14 16
7 14 49
8 22 8
6 34 36
6 11 45
2 8 9
8 6 2
10 32 47
11 30 18
7 3 16
9 21 45
6 8 10
3 8 8
15 50 42
10 36 35
16 27 35
18 4 30
7 50 11
14 5 42
13 6 47
1 40 50
17 18 12
3 27 17
11 44 24
3 32 3
11 5 45
8 4 15
4 6 5
4 15 42
16 22 17
12 6 28
1 49 36
10 22 45
10 21 21
4 1 41
4 11 41
8 36 7
8 16 14
3 23 16
14 28 37
9 49 10
14 43 48
12 21 44
5 24 21
3 25 12
5 16 30
13 50 9
8 25 15
3 26 14
2 29 36
10 21 35
6 15 26
13 47 23
10 3 16
10 24 34
10 28 47
12 38 13
10 47 6
3 32 31
13 29 39
19 14 40
16 2 48
13 29 4
2 14 1
10 24 27
18 31 31
19 48 5
14 15 13
13 26 16
12 8 35
4 46 27
19 33 42
13 10 5
14 10 33
9 38 1
11 1 45
3 9 16
9 29 33
5 30 37
17 41 50
8 19 49
13 42 45
4 14 7
8 45 15
17 9 33
12 27 29
17 10 40
10 2 45
14 44 18
11 23 4
1 48 24
1 21 3
10 47 4
18 27 2
11 31 29
10 10 47
6 6 8
17 24 9
7 13 2
1 9 23
4 26 31
18 40 30
18 33 10
5 13 12
19 2 29
3 18 16
19 32 38
4 39 9
7 12 24
17 27 7
13 3 19
3 12 29
15 31 50
1 41 41
11 26 24
4 45 37
10 42 1
11 42 11
3 27 1
17 8 40
10 39 29
3 25 23
9 48 16
14 20 42
11 21 49
3 49 46
17 12 31
7 48 3
9 43 5
17 46 28
14 44 34
11 13 6
5 37 37
3 1 1
5 10 32
5 40 22
3 16 30
1 11 5
8 43 42
17 16 44
13 27 48
12 41 48
14 3 43
10 11 40
12 1 17
12 16 1
9 33 38
15 34 22
10 7 6
16 36 43
7 50 41
1 15 2
19 43 46
18 18 6
4 1 25
8 37 26
6 48 31
14 49 41
19 32 50
16 47 35
1 22 23
11 23 38
19 8 14
13 32 48
3 5 37
7 6 28
6 2 44
2 9 24
6 29 40
7 13 28
19 13 12
13 10 34
10 25 34
15 35 11
12 42 24
9 33 22
14 43 11
9 12 48
13 41 8
4 42 43
6 35 28
1 8 18
9 9 1
3 11 7
15 44 41
5 34 6
10 10 34
19 4 49
14 3 7
2 19 38
17 9 11
17 12 39
19 20 38
7 44 48
12 42 34
19 45 2
10 39 43
7 3 16
11 5 9
2 19 32
11 15 5
19 47 42
7 35 48
16 20 45
4 33 50
12 33 30
4 4 8
15 14 50
15 50 9
17 9 10
4 48 13
17 31 4
14 21 39
17 4 38
10 12 49
17 21 29
3 49 21
11 17 50
10 41 37
14 25 16
14 4 6
1 38 18
19 39 49
14 6 17
7 26 1
10 26 9
4 46 5
14 38 24
15 1 19
1 22 29
5 48 36
11 23 29
14 6 17
17 46 49
9 7 24
2 37 46
5 6 8
19 10 14
19 19 21
8 24 18
13 6 13
16 50 46
4 45 39
1 23 45
10 34 48
17 16 27
5 24 5
19 46 26
11 33 39
8 9 11
2 15 46
2 7 28
2 26 34
12 6 16
5 26 11
7 29 19
3 19 48
6 3 50
18 25 27
9 33 20
6 50 1
18 4 40
5 42 50
6 33 18
7 7 47
9 10 24
13 4 1
18 40 37
6 40 18
16 2 13
5 24 20
16 42 33
15 3 33
15 5 36
12 46 40
13 42 38
10 3 4
17 19 24
1 41 30
18 5 8
15 1 29
5 33 35
18 36 48
16 31 37
16 21 30
16 27 15
3 20 32
5 37 14
17 40 22
9 3 6
10 17 4
4 23 14
16 18 33
4 1 15
15 37 38
4 13 15
19 38 14
8 33 34
19 7 47
8 11 41
17 30 16
16 9 35
3 38 8
3 19 23
14 12 10
11 14 7
13 50 31
9 2 41
9 17 11
6 31 8
13 27 20
8 26 36
19 16 18
8 21 13
7 28 46
12 35 30
18 18 23
5 34 20
7 6 17
16 5 4
3 37 4
17 38 26
16 44 33
14 43 48
9 50 47
17 19 49
10 47 33
11 17 41
8 8 1
9 7 10
9 16 16
7 22 10
8 38 28
3 10 20
2 45 14
19 6 18
5 26 13
11 40 41
9 18 10
7 37 30
7 6 24
17 38 1
4 18 48
7 21 22
10 2 21
16 43 43
3 45 8
14 43 11
10 20 15
14 3 15
10 4 23
19 34 11
4 19 14
4 28 47
17 48 8
2 12 14
6 47 25
5 3 41
14 40 17
5 3 18
19 2 22
3 23 3
10 43 5
2 34 49
10 40 14
8 18 12
5 18 8
8 17 27
5 21 13
3 31 1
3 2 3
5 9 31
6 13 10
18 19 19
16 10 1
8 10 31
8 23 6
10 43 2
1 47 12
3 32 38
14 25 14
2 10 41
17 20 23
6 43 6
2 21 11
2 46 19
5 1 6
1 28 22
15 6 29
3 35 38
12 30 34
8 35 34
4 17 35
9 32 46
10 24 26
17 46 34
4 39 25
10 39 50
7 11 30
5 14 18
6 41 23
17 47 6
2 16 1
3 44 5
6 2 5
18 19 19
5 6 14
7 21 8
19 5 16
10 29 22
3 42 36
12 6 33
3 40 47
14 46 1
7 11 50
15 28 45
2 22 24
7 39 15
14 13 47
12 35 49
10 12 37
16 39 41
13 38 8
18 50 11
10 40 47
14 15 42
11 7 38
1 28 19
9 12 2
7 43 17
19 46 20
8 3 3
12 11 9
1 29 35
14 29 38
7 43 48
9 16 47
11 44 15
15 9 37
6 30 35
13 49 46
1 24 34
3 22 4
18 21 22
8 29 31
12 46 38
10 13 50
11 1 17
10 5 7
13 7 5
18 10 1
16 5 11
15 31 18
13 40 49
9 16 12
2 3 41
1 1 11
15 5 25
8 13 11
17 7 48
3 14 5
14 32 32
6 49 34
11 26 50
17 13 9
1 13 9
8 11 2
14 31 21
3 7 15
11 18 4
17 37 29
14 26 46
7 32 16
15 49 39
18 31 37
4 23 45
11 34 5
13 10 39
3 36 17
11 32 47
2 19 31
1 26 29
6 37 17
3 16 2
1 20 27
18 21 1
7 3 47
18 43 14
17 41 28
7 9 20
12 43 33
13 12 46
17 38 17
7 4 33
3 10 23
11 13 25
13 40 14
1 33 44
17 31 38
17 35 39
17 35 13
17 21 19
9 29 17
15 12 40
1 7 49
9 3 33
11 14 18
19 29 32
11 42 30
17 16 35
2 6 43
11 49 47
10 17 46
6 21 8
17 40 23
17 46 20
13 11 13
16 33 43
10 17 45
15 20 8
12 10 28
13 18 26
7 19 21
13 33 41
15 44 29
6 37 11
9 5 33
17 16 45
11 11 25
7 4 47
9 43 25
3 39 34
3 42 13
13 23 23
1 23 5
17 21 22
14 35 7
4 34 39
7 3 45
11 26 40
16 11 22
12 42 47
2 14 1
3 28 42
16 49 47
12 44 5
15 14 47
14 15 31
19 11 40
3 40 36
11 33 18
8 7 49
1 49 5
19 21 6
15 46 35
12 9 12
13 12 47
16 39 33
10 45 26
6 13 14
12 21 28
6 4 35
1 34 35
18 17 38
16 19 25
2 34 37
18 43 13
16 1 6
10 24 41
19 34 41
7 24 30
10 12 19
6 27 21
19 12 7
5 24 6
8 8 10
4 22 47
8 49 6
8 6 28
2 49 19
16 40 32
19 4 14
7 7 8
18 17 14
4 10 31
15 49 43
7 12 35
18 21 20
13 33 40
10 50 14
3 40 44
10 30 35
16 23 48
2 24 35
14 46 26
7 10 36
5 24 18
1 44 7
7 13 6
15 10 33
4 4 40
4 12 26
11 13 13
17 49 29
10 20 32
15 29 40
5 27 8
10 28 44
12 19 36
10 49 11
13 50 35
5 28 50
12 9 50
6 45 1
18 31 6
5 50 35
2 20 34
10 50 20
8 25 14
6 39 29
11 7 28
3 20 5
9 5 10
15 20 46
19 46 16
5 50 48
19 19 30
4 1 45
4 25 30
2 10 40
12 7 48
2 25 23
14 14 32
13 4 12
16 50 17
9 45 2
7 47 8
16 26 11
7 7 19
7 17 46
2 17 15
7 6 41
6 10 2
4 3 43
4 3 9
13 19 4
10 28 12
10 12 7
17 50 24
11 34 22
4 9 4
2 50 21
6 29 36
3 17 4
18 33 7
13 8 18
6 31 2
5 38 35
12 27 47
19 30 1
1 11 36
10 35 20
2 3 47
17 13 16
9 40 2
1 12 26
8 21 27
17 41 2
16 4 17
2 19 1
5 9 13
1 45 26
17 19 24
13 13 30
16 37 9
7 31 3
18 2 32
15 43 30
11 46 28
4 46 45
1 46 4
18 46 47
4 7 9
13 37 46
12 50 11
18 2 2
2 10 2
8 37 41
1 8 47
14 17 35
10 13 6
14 4 7
3 16 5
8 34 36
8 42 10
19 27 18
2 39 2
11 15 5
12 6 25
2 21 15
18 16 50
8 34 41
19 14 31
6 33 18
12 18 6
17 40 3
3 34 32
12 25 14
4 14 46
7 31 5
12 26 33
8 35 14
19 47 15
2 36 20
16 13 26
8 50 36
11 17 9
9 2 45
2 46 24
15 9 7
10 36 30
15 33 11
4 39 34
17 40 19
8 19 6
1 5 42
11 22 8
6 14 19
1 48 9
2 27 42
15 12 7
6 37 5
11 49 6
4 30 46
11 23 24
9 11 4
15 37 42
11 41 13
16 35 47
8 1 17
13 18 15
16 29 9
9 31 38
19 17 49
11 1 4
8 24 9
14 38 13
17 11 9
5 1 1
5 23 28
9 13 16
1 13 24
19 50 19
11 12 18
11 16 33
5 40 25
3 37 17
19 39 31
19 38 6
14 22 47
2 44 24
5 7 44
8 7 47
1 48 43
2 14 21
4 45 3
12 19 10
2 42 36
18 39 5
6 15 5
2 29 9
13 32 34
6 6 27
12 11 31
15 9 31
18 3 16
18 1 39
17 25 3
2 28 15
5 49 1
19 14 20
18 17 31
3 7 15
7 29 19
8 43 22
19 11 24
18 21 41
5 13 31
5 32 18
8 42 22
2 3 3
18 37 28
5 48 32
1 23 6
18 29 20
7 1 14
10 10 18
14 13 43
13 36 15
8 37 14
13 13 3
11 6 30
4 2 17
13 16 5
1 11 39
5 48 39
7 23 2
5 22 18
13 11 9
5 35 40
3 44 16
8 13 15
14 17 18
3 19 35
14 17 28
15 3 2
15 34 50
16 47 20
5 4 25
17 6 47
10 29 11
15 20 45
11 15 8
1 18 3
8 25 11
16 13 1
15 19 44
5 50 4
5 36 10
1 33 5
3 11 3
18 18 43
11 9 34
16 10 3
8 28 3
13 47 6
3 26 2
14 27 40
18 36 50
11 30 42
5 10 10
11 44 13
14 38 36
13 8 21
2 6 17
14 43 25
9 27 36
1 7 18
3 36 20
10 22 39
13 28 13
1 5 29
4 42 24
8 22 24
5 8 28
18 14 40
1 12 39
18 42 29
17 13 37
13 3 2
19 43 33
12 1 7
14 30 10
13 38 43
4 2 34
1 32 45
7 47 27
9 33 12
9 4 32
17 28 21
19 17 23
6 34 24
19 17 23
8 27 43
7 20 24
3 14 11
3 41 48
7 13 30
12 44 19
15 2 46
16 2 5
6 14 10
6 8 33
6 17 23
13 42 19
5 44 20
5 47 4
18 29 30
6 43 4
18 6 17
2 19 10
18 21 14
17 14 11
19 9 6
12 34 11
14 33 18
5 11 13
18 40 22
9 33 17
10 1 1
7 8 23
2 31 9
17 17 31
6 17 37
8 27 7
19 1 10
8 27 22
7 11 5
10 9 41
3 39 5
10 36 37
15 36 34
12 15 16
12 17 36
8 45 42
2 5 21
1 13 31
19 32 27
14 1 1
3 18 6
13 9 32
1 13 48
1 49 26
8 6 14
7 20 19
9 28 21
13 7 19
18 44 42
12 45 17
14 22 27
6 44 26
9 17 16
9 7 20
16 44 25
13 20 50
6 45 37
18 43 38
15 50 39
13 26 9
11 35 27
17 17 42
15 10 48
3 28 17
14 31 14
3 48 35
5 5 30
3 24 8
11 21 18
15 16 35
2 42 10
16 22 33
13 49 34
1 27 35
5 38 33
19 28 41
14 16 44
16 9 44
9 13 29
19 26 50
19 38 5
15 7 31
5 21 42
18 26 41
7 33 4
5 16 7
7 26 48
19 45 19
6 43 14
14 47 31
4 20 26
5 1 21
5 14 5
19 22 41
19 41 50
11 26 41
11 28 34
1 17 2
19 33 29
14 11 35
7 20 44
16 18 10
19 13 14
15 47 48
13 1 28
14 26 14
14 16 25
12 48 25
14 13 28
16 10 23
11 12 1
16 13 14
11 19 31
19 12 28
13 16 9
3 36 9
13 8 47
5 24 26
12 43 1
3 14 5
17 26 28
16 14 8
6 37 46
18 5 12
12 30 13
11 19 5
11 30 11
16 39 15
16 8 12
17 49 24
13 16 48
18 13 2
9 50 47
15 14 8
9 14 6
2 12 2
14 37 7
16 7 26
2 31 5
2 6 12
5 12 25
10 36 1
6 5 34
14 11 20
18 10 46
14 47 23
18 31 1
5 22 13
6 25 6
18 15 39
3 47 50
19 14 24
19 28 36
5 42 44
7 25 33
5 42 47
10 17 10
8 48 24
3 39 39
6 11 18
13 7 49
6 43 18
18 36 11
18 48 3
7 41 43
8 41 50
15 7 33
7 25 36
2 17 38
8 1 34
12 29 10
12 14 50
7 38 33
14 36 10
3 36 15
4 30 36
12 42 28
5 28 48
11 20 43
13 31 8
12 2 14
18 46 13
1 1 36
16 1 36
12 20 18
7 6 6
11 21 34
19 19 24
14 19 44
19 41 7
1 44 21
14 33 28
4 35 30
8 46 4
14 5 37
8 22 47
18 33 12
11 14 34
12 22 46
10 40 32
18 24 9
1 29 22
4 36 40
2 37 35
2 1 29
7 25 24
5 27 10
18 49 18
8 1 20
15 28 10
6 17 9
13 8 35
9 14 38
10 20 19
9 15 8
16 15 3
0 0 0
