218
167
892
512
1008
1297
1539
22
1283
1484
582
1082
158
1368
104
1318
54
1236
1345
514
810
907
1588
401
315
1540
336
1310
395
1224
1449
1124
23
881
116
768
372
1143
293
919
843
378
73
71
1492
1167
1186
1039
1107
139
582
1405
1493
848
1462
1243
489
1498
639
216
479
136
1043
184
1538
619
933
1211
724
656
966
1294
526
269
514
1524
84
1294
633
883
1530
29
511
1086
249
818
51
870
815
512
1248
703
1562
444
1493
147
1491
619
388
329
1546
1458
1373
595
773
93
872
1563
1368
557
421
555
483
482
164
1054
1166
1419
867
714
1413
272
1130
1515
1396
1084
616
1550
1537
459
1036
1090
1164
695
483
1470
616
259
820
18
982
452
477
1487
1350
242
107
885
908
1074
1532
1569
995
1569
725
307
1509
480
1347
1024
390
354
690
509
980
566
15
358
111
1109
29
1073
1544
299
1177
374
1306
998
911
731
1515
191
1528
1025
65
1035
474
688
1573
1344
1438
195
857
456
240
147
1304
1096
473
36
210
365
1308
722
1444
571
786
1209
89
1236
1541
295
867
75
1551
771
919
1574
817
1338
1068
245
1330
557
1137
1493
1470
347
1489
259
1210
1104
457
1314
296
139
1187
1162
447
816
761
918
840
626
491
876
312
958
1181
1163
592
424
817
1238
1143
1494
456
162
1234
431
568
1025
233
961
1419
1484
569
244
1149
1458
793
946
1012
579
141
20
189
1340
876
267
267
912
114
723
686
635
1316
1496
596
198
423
101
643
344
799
208
594
1475
72
1575
1450
330
1239
153
320
692
654
1252
336
466
225
1346
984
911
1356
595
218
1404
1073
9
1039
345
1459
1173
1131
162
147
469
469
928
13
378
1123
107
817
314
1495
831
1283
1211
1051
774
594
635
1534
1183
664
1343
1196
497
791
577
1519
179
366
344
488
311
637
167
1291
249
639
1350
1438
1003
1312
1008
1135
382
1571
369
600
240
565
205
1012
24
1550
1520
1182
563
461
346
365
556
1168
1223
818
109
278
159
302
1192
662
930
1043
292
91
1041
1
1096
294
605
1085
1128
706
1361
1137
1171
229
126
1446
1497
1227
618
2
796
1426
631
961
1566
1366
661
500
1540
330
1511
764
1133
475
886
710
1269
1093
152
1156
327
305
1502
1454
1126
213
1472
765
955
1418
265
676
732
236
643
205
1312
244
1120
279
1189
1493
1261
1104
1374
600
1143
1140
797
1015
954
35
1508
700
590
804
939
87
720
732
945
514
721
396
1027
789
705
909
1101
808
281
1421
868
1196
1163
903
719
520
43
964
985
1205
666
1491
1303
344
950
649
825
98
1539
441
1299
810
1112
1394
1257
1349
649
315
572
107
88
207
1047
393
1179
1049
1560
1509
1515
942
1407
310
593
1164
1464
511
1009
982
40
367
52
269
1338
954
1335
398
998
181
53
1102
390
1204
245
405
536
36
1587
1469
146
1191
1551
1066
1577
242
119
1542
32
425
85
1220
913
1077
825
1232
636
747
645
1560
467
1116
1307
893
1537
316
1351
1048
1214
307
875
237
212
5
238
1584
1582
418
676
186
101
1292
763
137
74
749
1003
890
1523
1204
1564
1160
518
819
916
1154
455
1210
1575
1422
33
1265
1116
799
950
311
97
503
1510
1022
239
1566
289
1507
955
1502
429
1102
1250
1411
886
526
1041
1365
1113
625
631
595
239
38
812
176
217
660
926
781
1104
118
1344
761
1194
1469
1137
1194
1003
1379
941
379
1489
592
437
675
1565
1200
191
377
483
1167
1118
234
1105
1401
687
886
895
916
969
813
1146
889
290
1581
1232
279
1537
664
1371
71
360
920
334
876
253
402
1089
594
892
1451
1532
1348
287
1597
325
1387
456
152
1002
1257
756
441
397
569
1312
650
1266
5
1529
671
841
1092
516
940
1084
1178
466
456
377
1197
1185
34
1468
904
530
389
995
1266
975
333
1009
140
1144
1447
735
621
850
650
807
766
174
1591
654
340
347
945
1268
1488
1355
445
732
249
1542
472
1340
1108
720
123
964
329
923
1551
431
757
941
1392
330
1358
207
1315
71
1018
187
1176
769
1199
515
734
12
201
1217
1448
452
1068
130
131
1235
96
177
789
1535
613
1349
149
249
603
1194
716
869
979
817
847
682
50
1526
185
634
1164
917
299
222
442
1228
259
521
1
750
605
409
610
1165
716
1068
1344
165
1366
616
502
72
1331
1033
1333
909
900
233
1054
632
724
721
419
744
591
1537
605
1539
580
1409
301
162
348
358
1557
699
1048
1379
530
274
1100
597
319
351
925
716
1322
446
60
922
885
857
735
222
1133
86
388
206
1322
1023
1189
709
747
693
1274
786
110
1236
1201
1404
466
1317
942
855
749
1159
66
712
1197
282
1133
855
1071
432
276
1017
1057
628
1024
1243
88
728
1436
1006
432
64
1453
1333
615
752
335
336
760
1526
1139
1094
57
599
794
660
628
442
656
375
837
406
809
1211
760
1053
765
1410
735
550
355
1171
502
1563
750
744
1016
999
1386
822
1341
668
468
58
1306
360
93
328
567
374
925
1363
46
739
1111
1595
297
807
1265
1497
1528
64
880
460
885
605
1525
770
88
976
1465
1030
25
369
1098
459
265
1105
323
700
687
1061
1292
705
1059
239
1431
81
172
1067
1237
1274
666
959
1596
626
996
1504
1594
1499
447
899
1462
152
770
1354
1355
1554
1533
683
1219
1288
275
480
1237
27
1307
657
927
1173
442
1473
226
381
318
506
959
667
763
569
1333
395
38
1562
1240
900
1331
1346
1296
998
110
1486
663
389
1307
575
368
759
719
930
168
159
1547
960
1294
760
987
1290
369
1313
1139
643
478
555
644
1003
1238
1442
801
495
1297
223
533
722
1142
1354
640
1049
149
1071
1462
1337
234
1288
277
65
1170
1028
874
71
138
1307
1155
1492
1325
785
146
847
874
203
902
618
966
597
873
142
919
559
1018
7
572
1371
200
1007
1245
1191
979
284
806
1274
1250
1097
1282
353
996
1221
794
1495
1095
93
906
1494
666
394
935
160
35
283
1204
1100
64
545
989
1169
638
348
697
1492
1274
1576
1346
689
187
487
465
75
1165
557
732
468
1244
1391
1136
1115
212
1001
1196
793
890
657
643
1529
458
894
1007
619
207
1048
630
103
1413
702
94
641
1326
250
1391
1585
1014
166
1581
1056
8
666
274
754
812
541
397
1110
679
327
1597
1487
1361
247
300
575
1012
442
460
888
1385
1014
882
131
307
1434
340
1452
1048
902
772
19
643
1465
41
692
1051
318
450
305
609
598
1434
100
1420
1060
1227
167
356
347
178
1440
608
232
566
269
1536
1438
568
1299
554
1253
1496
1222
70
1506
302
823
1304
101
1091
1537
288
1494
467
722
499
221
1411
762
344
722
1186
1397
1378
235
993
569
592
607
274
1470
741
1373
675
400
1544
1326
1559
405
860
618
1416
1374
29
1182
1182
1456
447
1145
333
465
583
1081
595
529
678
1304
109
1182
216
1333
668
197
833
644
283
329
1154
309
29
1381
926
997
776
353
1040
711
308
599
1064
145
802
1154
1577
742
956
1355
740
1414
145
468
722
887
1101
1472
1268
242
825
521
1259
14
1336
1215
1495
429
957
1185
1200
809
1485
797
933
700
248
743
1271
177
599
252
149
270
1028
1523
54
254
1500
904
376
513
630
1128
1084
722
1248
1596
1342
1500
797
885
1589
219
929
92
622
851
264
855
873
436
730
314
1072
8
1280
147
827
802
834
1524
133
327
520
574
620
921
141
562
1163
1095
162
375
87
1462
1064
875
1084
302
139
1450
757
581
62
799
1198
1228
379
1549
153
1275
952
988
466
221
744
1188
563
1146
1335
1147
567
329
578
1215
912
210
858
162
390
421
247
56
406
957
956
578
1030
625
430
440
585
32
1140
472
856
794
910
1137
74
1551
1557
1134
953
312
631
867
1109
711
1454
857
261
271
1093
1113
193
819
74
1083
688
1360
466
236
2
1514
1263
640
1165
343
818
61
617
429
1313
867
1034
1453
1463
637
32
428
606
1384
368
1349
109
230
368
1472
161
98
613
257
477
961
957
240
97
813
876
428
460
1504
519
1327
18
1074
673
1023
379
163
297
1370
1441
360
704
479
615
886
347
1468
569
1231
861
667
1480
975
1201
12
259
1397
1387
240
724
883
348
1067
159
1140
823
1159
443
495
1190
1128
1198
752
876
884
1195
865
441
1470
1226
1179
143
1143
1483
111
23
339
139
626
514
1533
1154
652
801
890
706
703
1347
93
943
1016
1234
240
127
152
940
349
688
895
834
224
1036
157
947
365
158
439
1574
1120
1010
1083
425
488
654
5
13
1011
497
429
1533
153
1295
87
547
456
714
440
377
690
1200
168
47
952
1079
173
1154
276
697
705
1110
1225
880
809
1241
524
687
373
152
495
422
597
414
1298
1107
866
1553
904
329
1384
1546
586
354
1589
1527
94
579
1187
755
517
788
356
1056
1511
572
466
1098
1215
1247
628
1019
390
1303
784
414
353
947
691
1108
1034
946
1409
792
446
1470
829
1363
1003
168
983
766
728
679
1145
700
978
784
208
947
1370
213
1178
686
1552
381
180
500
1501
807
33
869
932
318
858
1178
1446
827
600
442
1143
1054
866
1180
676
810
598
1568
673
355
1337
396
1461
328
1472
1256
1188
1168
1371
1496
96
39
4
764
238
805
1098
1353
986
1299
286
485
794
220
794
1349
259
213
213
519
493
1133
551
1102
423
562
829
33
1115
1353
91
1475
448
490
52
1552
770
479
556
1180
1201
1148
1575
715
1579
796
153
368
906
479
525
1446
78
1445
434
304
521
905
872
1426
1101
734
270
428
1301
1066
970
25
694
1253
1237
11
1220
431
1228
420
1475
149
1078
789
276
194
1110
1079
284
325
1456
427
51
1414
1500
242
1425
520
588
1163
1465
862
1180
80
355
1581
478
911
106
101
611
1129
698
126
330
45
823
500
1544
946
46
1283
1211
182
1404
802
46
122
512
959
1515
1241
1474
1469
1284
1580
1312
1264
800
800
380
1364
262
1298
1383
17
1387
687
268
1135
1083
910
412
473
1449
1162
637
339
119
609
1138
1147
1477
974
265
1537
985
1190
902
1509
178
1012
466
1589
524
854
675
1284
755
788
427
361
648
3
448
125
340
478
270
658
464
1247
1086
51
688
1121
101
608
627
373
1581
134
812
70
1348
640
845
1325
70
336
824
1299
811
668
134
1290
560
744
211
426
518
151
464
1581
893
353
582
394
943
851
1323
1362
1580
1098
422
843
873
301
1378
207
807
1389
340
292
933
702
77
538
5
978
511
487
63
666
975
259
71
1404
286
194
1151
1427
727
692
413
873
1017
189
986
820
1250
630
1440
1236
1375
1024
496
904
1013
748
86
52
174
1293
78
147
293
791
948
1404
913
1600
44
22
1297
1363
1237
1434
827
980
1263
205
420
791
902
379
815
1503
1574
1010
22
55
189
964
826
1490
206
698
1450
996
1499
24
1461
1212
912
917
1264
680
1263
407
774
775
575
752
962
556
1076
1563
542
184
797
245
1353
1396
208
827
1082
881
917
1479
119
351
1109
1482
356
48
64
584
1228
810
1409
86
1329
14
291
21
916
1325
256
108
322
579
365
1159
293
1242
487
657
710
1183
1212
946
675
579
249
136
309
273
919
1255
1597
594
676
849
724
226
179
628
1392
1296
1283
678
245
1081
1072
865
2
929
1052
318
566
1430
923
178
966
261
32
1356
320
409
1515
554
220
1303
112
574
1543
123
198
1284
111
208
212
1281
591
1233
508
634
1080
66
4
314
99
78
841
1217
248
1183
1122
1484
413
191
1493
1033
1344
1010
1276
791
995
463
1077
127
1194
226
845
1396
1190
899
1194
1164
95
693
1530
956
1507
830
159
1494
913
1033
1559
641
996
1276
557
636
193
90
545
1298
639
728
472
1052
504
193
132
1017
531
393
849
78
591
1584
1429
638
848
1374
500
168
1258
1529
1366
291
238
967
906
763
695
1351
439
1576
1395
1550
903
978
241
674
465
711
559
344
522
824
481
750
876
1591
833
1383
1314
1457
154
298
312
939
658
89
837
1277
1018
370
1493
977
1367
1576
153
923
878
447
1358
789
1105
234
557
578
1452
932
663
222
1230
848
1151
39
1272
658
1045
1167
1000
681
310
700
98
659
1556
133
1283
1439
935
1325
389
784
1297
1437
657
1398
530
739
1160
844
1264
1517
1360
978
1187
451
863
937
196
1032
328
1136
948
46
648
929
1356
1148
1359
490
328
385
528
1292
818
918
1223
821
912
1237
1037
798
397
1370
1565
164
168
190
676
423
1374
1102
330
165
1240
1357
1283
1492
1237
238
468
897
1237
464
678
1579
907
1335
1036
1502
1408
1358
916
273
1095
1119
15
319
932
910
1568
1413
1403
153
1415
192
570
463
1323
996
518
595
169
413
102
144
735
1126
1458
505
1014
362
1081
1480
371
349
501
1074
61
1370
880
492
1004
699
818
1504
1046
1466
1585
1326
728
1291
1272
1187
1510
1141
1491
570
1363
1140
1215
853
799
1104
1365
1209
1348
379
112
1292
1279
429
547
80
415
576
1372
285
975
1483
598
928
994
190
1346
22
995
770
1267
582
1498
1102
1036
1409
222
1353
682
410
862
610
464
806
1069
561
662
1138
209
140
593
967
10
1385
449
1182
994
1079
637
1187
185
571
159
108
717
1323
1391
950
268
844
1424
1508
1305
1227
813
54
1184
1245
1185
394
1562
88
361
598
415
910
10
993
1135
110
257
1412
958
536
559
1572
899
387
65
364
1343
1169
545
1485
270
1581
222
821
431
682
1307
400
658
219
763
65
806
370
584
287
929
1433
294
368
1484
1106
122
422
1364
207
921
1243
977
337
627
718
1555
961
1276
667
241
655
1182
636
786
398
1440
1538
1592
268
468
1489
1296
371
451
1502
122
673
601
234
600
135
1104
59
152
707
1118
1375
66
318
30
160
1
133
191
838
305
1192
175
1423
300
853
1093
47
660
178
113
72
352
380
612
39
807
1186
574
1092
878
1056
764
184
946
476
798
380
948
131
153
869
647
1570
1
674
1114
196
116
1137
1350
974
712
1444
1174
987
1266
535
218
1112
699
1198
746
1311
1571
401
1211
724
1362
1447
1315
1090
642
723
684
499
430
817
474
81
697
591
700
1151
223
427
1013
375
540
1073
72
34
734
1009
1509
953
43
1506
1013
286
1490
857
551
1529
1235
647
56
83
1486
821
5
949
1452
1537
784
1534
1039
1174
980
71
442
364
649
439
576
69
437
1509
750
1570
313
752
568
585
1431
352
36
248
580
827
440
102
625
487
932
126
345
515
1264
411
843
1091
740
450
1397
79
1273
225
756
795
322
1227
605
517
986
113
1547
1584
12
96
1575
803
581
1148
504
736
186
1472
1136
1285
217
243
690
101
1201
425
740
547
480
1407
1017
1044
256
404
1595
274
720
200
219
864
164
885
696
1217
973
1392
1137
919
454
1214
875
1340
995
982
801
482
890
1115
1071
299
206
85
156
903
575
948
1322
849
628
1413
415
553
1220
368
209
143
295
1272
436
580
479
879
292
609
1446
1020
241
436
1366
1102
556
926
1371
1437
565
877
1305
1573
66
442
476
98
1200
1090
771
394
650
1157
108
141
474
1376
30
1229
50
555
1593
1053
696
146
1054
1595
501
52
606
1485
93
381
228
1182
1180
1412
481
405
421
1572
1274
697
889
1434
884
1190
441
1187
1243
142
1389
1107
309
1457
80
117
42
1498
1313
806
1392
927
42
1520
1528
1302
1486
1127
1370
599
982
710
449
246
376
1287
1110
957
619
1540
750
364
1517
464
882
1584
656
468
82
1571
8
1515
1257
137
438
1213
1518
390
946
284
288
353
1243
32
112
697
926
1091
1387
521
1543
315
942
29
1482
27
776
657
144
104
685
1102
1475
508
1440
132
728
1501
542
1127
927
282
459
681
1484
619
542
634
195
1094
395
2
37
1409
179
730
1437
1195
1038
1550
1321
1448
1300
1171
168
848
494
73
1512
903
672
687
1069
858
883
872
1409
1502
483
433
1343
777
461
31
1181
1037
151
155
508
568
861
606
817
973
735
1450
1553
1568
1323
1358
1215
1395
1547
471
117
979
879
662
979
498
409
598
106
387
395
282
1544
1432
176
985
257
1019
1484
1080
1218
270
293
971
533
163
239
268
115
602
1464
471
717
1150
1176
427
537
1438
790
289
1053
941
1114
938
380
409
535
458
388
1515
1397
1238
499
1315
511
494
716
401
337
123
1182
499
191
39
527
338
1286
1119
1387
475
1459
1162
1263
254
1557
390
1171
72
1508
39
1307
129
366
1518
156
901
1221
1035
847
483
1258
787
535
1015
119
1087
338
1351
464
1066
353
1312
1416
1096
184
879
402
807
548
606
238
1320
159
1332
1103
506
342
939
654
538
1076
144
657
331
822
925
1273
919
750
662
783
772
916
166
1388
533
1168
567
746
966
968
915
1230
1285
1129
1533
306
1392
695
526
1267
1106
661
1553
1504
541
276
926
477
167
1467
311
26
1253
474
1444
1464
104
975
1038
565
89
341
1117
219
309
208
1171
813
777
345
805
652
301
1097
1181
1580
640
583
497
379
1319
530
1504
459
1028
1485
1298
835
568
1038
813
778
537
933
55
943
498
556
622
1112
509
1043
1577
1329
545
1384
301
80
1196
489
1038
362
591
586
588
1592
1435
260
105
1319
511
291
1483
1090
1150
398
150
96
179
1173
263
909
1541
893
1489
313
1320
395
1016
1314
984
657
1262
771
790
954
304
1018
1313
599
1120
762
243
1576
1569
117
577
682
1077
902
1071
164
1238
1314
1367
559
1173
1085
632
72
1334
1339
894
343
137
1181
54
60
1030
808
845
159
752
212
333
372
1062
954
408
913
1161
891
160
1007
657
1391
428
322
1582
788
1482
633
864
1523
20
723
213
465
741
1000
646
1115
729
882
592
79
646
800
787
1578
443
1113
12
213
317
784
371
1550
1340
652
148
599
1495
565
1581
1249
1300
94
461
1527
1373
1108
231
1003
699
234
121
833
404
1282
1439
413
1060
924
1590
1452
573
1182
1521
277
126
679
125
1054
1557
660
662
414
116
974
1062
231
1492
26
801
687
300
670
930
1411
1520
180
642
426
1546
1008
1341
858
89
1393
262
1245
556
1450
1252
1153
445
750
19
130
1326
1341
26
440
708
1297
237
1025
1125
166
67
1580
1170
461
693
938
1061
687
28
1141
1418
418
871
1469
1405
301
1214
663
263
539
1562
485
1528
1090
737
1347
483
1104
1090
822
668
987
1429
469
754
933
688
1077
877
368
1097
1110
902
455
270
911
361
393
518
377
43
1268
805
350
267
373
370
544
42
1074
1177
233
906
851
463
1238
1032
404
1258
354
1241
12
380
1236
1478
1018
307
1448
1383
1172
1521
1023
1505
1552
364
710
927
431
581
1382
401
396
617
1392
487
936
1002
1478
524
626
1499
1226
1443
1305
1261
456
578
850
268
1571
945
808
1465
1152
801
775
486
628
236
326
979
46
336
440
363
1444
107
1137
29
1343
1206
88
1212
133
1217
1521
405
266
690
103
276
982
61
860
1173
21
803
1329
587
1217
1066
276
1555
16
351
908
534
1117
398
6
545
983
318
349
196
1259
237
1387
1132
498
1230
338
1216
666
1221
72
958
342
1246
1510
20
901
1297
752
1022
1571
374
1378
1122
818
8
1151
237
678
924
473
619
1235
989
1055
809
343
1038
745
779
455
191
581
1580
730
1292
319
1400
152
217
818
139
384
1357
465
1480
636
657
500
505
1541
1479
100
618
1238
1035
229
324
1490
682
1030
554
1524
549
41
917
826
1060
1363
816
721
1594
1522
819
127
1116
1522
768
1171
609
574
574
780
1401
470
1529
396
109
469
182
827
922
64
599
1466
45
1102
500
1038
93
186
1587
841
1067
969
557
1335
91
475
1408
1102
304
244
180
531
296
1032
1423
12
60
328
438
169
278
559
74
753
1040
395
574
1070
1201
972
570
23
1190
654
1137
706
1346
422
963
1094
1589
238
914
1265
1102
1104
804
1007
1008
341
765
565
662
363
570
1200
838
376
173
753
1110
1377
1084
1429
354
25
56
1333
72
1130
1022
1555
426
1540
848
511
545
712
881
12
321
468
386
823
209
1100
415
976
519
1389
1081
752
1414
1361
689
1561
1430
386
1466
1579
423
1343
1451
972
581
1422
1575
1301
1179
1287
493
1341
871
925
446
1350
321
1131
306
1257
907
3
729
194
695
757
274
507
1532
161
1197
1530
342
1405
642
714
832
677
1038
1226
882
1062
849
88
410
1480
936
1019
220
1119
938
1171
266
1168
69
704
994
36
535
469
1546
334
972
507
1164
1468
762
997
465
1056
1597
1207
927
1211
1492
1590
530
1262
568
430
988
704
1408
421
1404
366
1206
2
383
374
695
957
506
1442
1356
390
387
1557
139
885
178
1495
1197
500
1114
1248
366
302
903
1382
935
246
1335
1126
1515
696
473
692
1059
1440
455
1219
1450
1100
450
1140
807
562
1265
799
174
785
1241
1186
1302
985
731
556
216
25
1137
776
1452
364
1063
1002
292
1059
1433
1466
133
433
1264
292
296
537
795
476
1429
664
79
562
1498
1554
703
345
1391
1277
1498
823
522
271
1224
236
1216
808
98
1250
1506
191
51
601
83
590
1523
1583
363
189
701
818
77
336
405
550
1416
463
988
1109
560
185
591
345
762
103
1091
874
1306
65
929
1064
157
420
609
423
1349
591
72
126
1512
592
1504
1358
1159
49
1276
1043
559
161
1064
1068
1362
1316
178
554
1187
826
1180
858
1459
657
668
339
1550
618
1562
1022
724
203
742
552
1113
1257
1149
841
700
1236
250
1490
200
1312
540
1272
460
1175
187
323
378
864
841
213
322
430
1355
443
620
872
405
1269
184
731
327
5
629
482
1290
1402
675
529
1480
377
74
292
1133
720
1175
362
674
1595
185
817
132
882
64
496
422
184
240
183
780
164
552
407
1442
1198
1397
1105
1087
761
245
1087
1246
866
621
260
342
205
874
1141
1119
618
728
132
1155
1033
803
1200
1125
1443
913
1199
437
356
476
726
367
313
17
1550
86
1566
553
1335
116
421
746
153
334
837
509
1039
361
680
590
306
1088
1522
678
646
384
403
1416
1447
1033
587
1549
49
101
1408
191
1586
198
1281
1464
529
322
280
825
955
1293
1554
521
849
1402
205
1492
146
817
326
1343
906
175
1119
1420
1400
641
51
818
1600
510
346
58
1493
1415
763
857
1252
319
916
464
65
907
842
1030
658
1032
1394
288
1342
271
1243
102
979
1066
353
469
250
1235
499
516
1563
880
991
887
335
1041
1186
260
521
293
114
874
1092
575
583
875
1452
1037
813
301
396
658
331
212
1594
1320
241
540
260
1336
1571
122
89
1461
551
1520
887
1115
720
1394
1112
1515
1289
764
1564
1507
1441
48
1013
959
472
1521
724
1458
429
448
279
1059
1317
409
1583
808
27
1036
659
1091
203
797
38
95
348
155
169
1288
1201
512
352
686
238
590
517
1304
1418
804
1456
1063
1305
802
257
530
1495
322
147
91
884
243
1184
1172
162
757
692
1107
1183
694
531
1206
1346
366
873
407
520
60
1078
1166
668
1342
1334
41
744
883
17
940
222
1426
391
265
1412
1510
1369
94
515
112
1464
625
1519
315
1199
555
1493
637
1295
408
517
1202
798
602
1380
696
382
1200
1456
1387
1375
555
786
766
740
1258
1573
158
22
346
457
903
1419
495
678
34
340
417
512
741
1130
231
1151
1513
214
1460
1148
1226
1570
1460
971
257
1346
901
1547
193
898
1334
814
1490
175
1536
1417
1009
133
1542
1435
293
284
526
1053
159
337
1469
333
537
693
148
1275
1259
1080
1517
208
557
275
563
1569
1488
313
1572
1208
827
827
136
668
743
1597
367
1318
377
157
1516
963
1442
989
18
392
1337
1364
434
633
1427
345
1043
407
1000
170
686
621
869
480
558
1177
208
339
810
283
1184
781
1376
1247
792
815
945
266
807
805
287
582
961
1355
1542
398
891
1308
349
632
617
671
172
1414
888
976
587
171
458
271
414
477
1044
202
658
30
697
748
662
522
1573
386
858
545
1578
1522
1160
722
218
26
261
1036
1193
777
486
324
63
160
1330
324
1184
1542
796
634
1276
591
573
828
533
1002
1043
732
661
12
892
944
1067
352
432
926
873
171
577
489
159
1089
84
1407
949
234
669
830
10
1041
732
1546
528
1394
25
1360
292
1025
224
1367
1390
411
957
1099
765
430
1462
969
223
295
75
489
835
1502
46
1551
1231
516
194
1200
1281
648
22
1509
583
268
862
1330
1116
1099
1333
1235
1448
390
533
1482
23
435
82
1451
1269
1061
537
1251
590
442
748
653
136
902
539
371
892
578
1025
292
25
52
772
1466
503
926
1226
552
892
102
571
326
945
712
315
1308
546
382
293
48
375
298
390
847
917
137
1246
29
820
1304
1431
734
511
964
1155
320
1197
915
215
1006
1314
83
105
277
1284
5
43
884
158
649
677
1574
631
1225
500
239
432
1381
132
392
96
802
782
1578
624
1170
18
29
1461
65
340
254
1104
612
1174
913
648
1282
408
1292
1442
736
1106
1247
1414
237
1262
708
209
370
1093
1355
1401
376
352
611
420
1014
747
487
776
641
632
1262
1089
1586
1594
593
1523
214
380
1018
805
793
932
1201
26
1583
1323
870
239
1288
1434
1278
1398
689
771
286
724
458
69
376
541
939
1085
1432
426
213
588
1133
1088
1498
717
856
352
1420
723
1398
429
39
421
814
450
702
1465
1337
1039
1574
497
564
824
1572
87
167
172
919
1050
403
581
548
1094
1342
228
230
709
765
458
1299
151
454
1463
812
786
499
771
556
411
1365
957
1390
480
446
711
476
1179
653
238
668
70
1591
1482
761
1054
1242
26
1169
666
1218
732
1220
936
503
1455
1239
876
1292
297
44
504
617
504
162
1161
1235
1145
204
135
512
90
339
1083
1181
624
297
1422
987
1303
1204
1029
1085
1549
55
702
739
781
256
873
1363
1261
1236
1351
268
1015
346
677
907
1287
970
852
218
1065
147
815
859
239
1423
460
344
1109
1255
894
1480
854
1030
1553
1376
906
959
1155
1056
326
1021
1538
152
178
1326
1322
510
296
1198
571
625
914
1141
92
459
960
513
1041
809
204
1538
1021
954
1390
839
601
648
1374
43
1520
1417
493
62
224
357
97
1013
17
133
1237
1298
242
1184
845
529
760
644
986
24
214
294
435
1500
826
1195
205
1299
334
882
447
1501
1065
168
1561
241
345
1289
62
1224
274
630
837
524
1458
828
915
1151
60
222
886
1259
401
104
66
1550
1453
1331
1580
1537
1447
823
744
620
743
531
898
683
612
414
446
831
869
1003
1329
1141
1587
1246
28
278
224
370
1227
468
1403
1029
882
495
270
362
194
1194
1118
237
1294
1585
800
1572
1441
263
251
250
1307
305
130
251
976
164
941
287
1310
175
348
1302
146
681
1164
919
314
1240
1173
361
264
1190
425
1518
1451
580
909
626
493
667
20
1207
1421
951
1184
1150
346
690
1240
981
1172
610
616
676
514
1474
636
373
146
1185
1082
903
1141
461
898
1041
247
317
870
534
927
64
1065
1581
714
1001
1017
13
840
1591
1516
922
371
7
572
51
403
440
1347
184
884
162
1013
604
1410
822
735
942
1001
1203
1571
806
46
398
1200
1522
397
350
4
1022
593
1291
1441
1286
54
1525
656
91
1086
1315
601
630
277
562
637
1152
1254
634
1081
541
1017
447
700
1596
1491
1500
1251
671
1100
1391
1080
1003
174
1157
1263
239
82
1284
796
500
1403
1051
1013
713
431
1514
1356
971
1561
304
1225
950
1184
1016
297
1391
837
1475
120
1357
767
948
911
683
86
638
142
302
769
1038
216
87
128
311
1105
456
1401
737
792
726
20
1458
1029
402
1173
1080
865
855
60
347
616
531
30
773
1215
662
770
462
1077
988
1147
233
764
666
840
976
1444
1035
1260
817
667
887
718
1429
998
1352
1041
533
1502
652
1201
1083
363
265
738
1017
642
580
1129
140
1182
1360
631
1582
383
23
712
702
805
1386
832
368
1355
1096
512
500
1380
1008
395
103
1495
423
540
1532
57
519
1091
361
1166
14
3
593
640
674
685
1460
475
549
58
729
206
1597
1259
1271
162
864
993
101
1335
1570
828
648
323
510
1587
822
202
1446
1272
1580
1053
779
137
693
914
170
662
340
967
1309
1558
1208
1173
413
167
1565
982
1112
554
642
1495
1590
1115
654
796
363
1457
128
982
381
249
283
1061
1362
370
1487
910
1281
1065
1190
442
533
723
1203
244
96
300
59
672
262
786
1312
1404
645
1184
337
344
69
1227
308
21
1251
1343
142
543
125
247
1272
42
125
1311
578
1517
999
169
164
865
1504
753
489
248
644
849
1114
414
998
1348
683
1329
420
1084
1063
1087
1138
1089
157
1411
932
911
1160
735
1080
239
1599
1497
617
145
1249
726
1013
1070
1086
982
1257
608
134
821
1201
702
1266
733
1249
505
1076
588
514
376
159
969
285
243
1174
1189
73
337
1078
244
437
66
963
1289
885
284
915
1011
909
823
1532
696
62
327
63
1301
1490
1212
177
179
169
1243
877
1513
962
922
251
1013
1225
510
575
183
1250
885
226
563
441
1075
768
1156
776
525
22
1121
677
854
745
273
1553
1021
375
1390
1153
547
1503
1499
106
829
975
325
206
1518
1073
667
649
353
405
332
858
809
1437
708
1010
346
1194
551
830
100
713
10
885
50
862
756
33
263
524
343
173
211
1578
1486
50
600
293
1302
832
1023
181
1356
431
569
641
1578
164
151
1553
385
98
296
1335
566
470
22
573
60
1568
1215
1229
853
419
20
803
136
203
948
947
1057
1441
1350
1113
1003
912
856
197
302
565
507
482
1001
872
730
971
526
1100
990
1261
960
1305
516
698
397
740
505
275
1387
1075
1275
178
1396
515
1454
411
1185
277
256
320
712
1213
382
247
981
104
1203
348
330
1072
1477
453
886
1377
1357
810
1334
905
953
1233
495
1025
1572
763
839
638
560
593
1190
87
873
1355
1263
1044
1113
294
1022
1466
1003
323
546
217
1472
31
983
210
851
1142
1418
1384
1549
631
1291
1038
487
38
465
362
324
1427
882
1260
1226
1342
1373
466
836
1479
93
119
1465
1048
333
543
1033
17
1436
514
1229
1334
896
27
812
1562
121
816
317
139
1548
416
1504
1531
700
302
155
689
1417
1296
886
243
808
245
981
1138
1477
794
88
115
571
459
372
1090
271
314
1167
1045
432
257
1310
897
1455
1527
127
95
894
1076
149
59
362
1252
39
1538
920
1550
887
810
1025
1122
1060
1247
1261
964
1343
1009
1008
1435
1133
1534
1319
472
129
1441
1010
198
86
663
623
598
1583
1589
1337
1192
1232
1164
997
793
1113
472
1081
79
677
107
618
710
358
220
1564
983
1470
238
152
1101
158
194
396
40
543
125
1286
173
1314
439
495
179
40
232
1479
622
496
531
1508
762
404
176
298
1127
354
986
457
391
1467
1341
378
1336
1134
1149
1527
562
594
615
1597
1295
485
600
514
350
40
1135
118
1574
1398
692
1532
1402
1000
1413
933
1473
1515
964
1328
898
1052
578
516
626
104
490
937
317
934
814
74
214
625
497
1067
1343
839
249
938
1239
163
723
567
935
1498
1155
1299
555
375
1074
1546
1312
215
662
367
337
709
33
156
930
595
553
1446
665
1277
282
354
1072
381
158
1243
1435
1518
1287
1422
473
97
258
812
573
257
636
973
249
1255
1553
436
431
700
57
6
760
978
1009
1354
944
769
171
800
520
1347
1397
1345
329
911
1513
634
1128
694
154
231
847
830
1529
562
1062
897
1291
841
419
1349
139
800
343
346
1502
44
563
118
1211
1051
543
81
278
1299
377
1471
593
497
621
592
1186
62
185
552
66
1393
1341
1439
731
807
5
281
687
483
151
804
72
1541
1595
788
1379
588
269
29
731
1035
195
181
215
1196
511
423
51
616
788
695
1455
1474
152
313
538
70
878
368
1468
1285
528
1383
966
845
95
1425
1146
42
1130
1442
1562
160
1216
105
530
547
694
692
1188
1180
439
1250
1367
669
398
1350
95
542
116
833
1419
767
91
924
49
700
1079
232
985
47
1167
533
1260
457
262
596
155
1487
106
1134
1551
20
1146
993
1107
1401
951
382
131
743
1457
388
436
713
1358
1594
96
458
1115
526
664
1554
1555
688
424
1152
815
1454
201
550
819
590
73
1542
373
1453
571
592
492
1178
1118
537
1020
1394
846
603
1027
633
1069
47
227
1341
79
779
141
1323
872
1211
1106
1198
1013
224
682
395
1069
364
704
637
358
217
771
1106
1480
364
1517
258
242
941
593
914
302
1571
1127
1133
725
593
984
125
129
947
392
1164
695
695
1509
926
465
1276
180
10
1325
844
278
668
984
472
349
812
376
823
529
445
379
478
1152
405
259
30
137
1246
206
1249
615
1409
551
1442
126
1022
1038
47
1063
1483
296
1504
1276
1203
679
21
1570
937
567
1073
473
1264
1134
792
389
45
1137
1449
1402
775
1125
1275
777
836
1180
1497
1292
1059
508
957
371
889
559
1551
397
12
1228
1242
1558
1329
264
338
643
486
477
8
1550
1326
1078
1001
513
368
1055
634
196
1102
879
1492
744
1414
1011
159
943
75
729
1167
481
673
1441
1249
912
571
579
1364
358
916
864
40
1203
1039
1195
663
312
911
1044
1174
818
982
376
778
616
31
394
715
372
442
1087
25
1105
1322
572
160
1384
127
1088
1582
1306
1268
1105
1070
268
393
936
108
1078
1567
923
1287
875
469
1294
1141
422
420
985
698
1176
1405
376
1126
51
670
757
1105
118
118
1494
919
119
1022
582
1492
626
147
708
94
1300
789
1101
5
1285
770
522
1483
441
464
762
1124
1525
1100
605
428
1441
757
614
554
979
343
1502
265
1365
489
1496
976
572
678
984
614
296
107
2
72
858
981
708
774
697
1240
579
385
546
480
646
484
1266
1128
1573
1125
85
91
944
1530
1485
1453
990
604
962
1081
636
1148
332
281
1361
840
1088
647
1235
604
1214
567
141
1480
55
48
331
70
127
1326
843
1272
278
1465
483
419
822
1027
1393
494
604
68
1159
1305
406
406
1364
573
1233
1231
849
1159
1056
290
1327
1587
588
1461
1091
394
926
64
815
796
1389
618
912
1533
1128
162
745
1279
98
704
1554
883
928
410
1504
606
164
1446
787
317
696
531
2
1593
1337
422
1223
1448
937
789
1194
842
370
1124
1486
958
891
643
30
967
1197
36
245
643
706
158
464
357
978
323
1460
247
1372
1538
478
1425
919
955
1519
792
1143
549
596
1592
894
1442
695
415
7
1053
615
510
275
297
1224
705
1490
1113
698
713
625
1247
266
813
166
997
1243
757
1533
1069
466
1106
160
1257
452
543
423
346
1121
1112
741
1449
349
732
430
902
1442
612
170
644
311
1473
1179
817
238
1239
1198
631
400
668
1539
756
1417
1166
380
1433
1108
631
775
1092
612
417
364
1182
24
1369
981
1588
220
38
1504
982
1054
583
103
818
439
1005
522
557
534
1149
1217
327
556
772
867
492
922
1272
757
1561
1178
1394
819
1140
815
1133
800
938
269
446
1358
264
1160
657
1581
985
63
1319
1235
770
709
465
1167
606
1426
1451
622
218
430
985
1161
912
1561
195
1557
548
1275
912
1320
225
1103
292
972
1489
973
24
1349
1438
796
317
1506
1387
436
529
582
242
1173
957
883
732
1385
1172
1307
1058
698
268
295
230
339
570
1156
400
1527
1359
816
361
453
1557
903
1082
1126
423
974
802
1340
755
1404
698
1034
369
1164
1321
1187
608
132
1030
724
453
1026
176
657
1379
1547
303
416
889
1043
521
903
1598
460
1572
1270
925
751
1375
1525
1008
203
1518
1548
190
80
441
948
1077
795
1140
704
614
383
1213
587
322
23
823
1568
216
270
104
812
972
491
917
676
534
285
665
1142
1088
1034
71
113
1054
88
645
1459
970
312
421
1302
678
565
834
1306
593
768
735
1552
870
888
1151
76
311
1020
772
1352
1356
433
264
24
1179
1042
1405
594
583
314
261
1593
729
755
1424
174
63
316
1401
1301
391
1052
864
1160
601
361
837
1342
55
663
745
1274
54
1153
37
883
1401
57
455
1350
626
592
176
1438
728
548
750
543
1511
1580
410
277
859
836
1585
287
1258
825
371
1371
388
724
765
977
651
1447
679
1310
1554
537
1437
1575
1496
625
318
1593
1025
1507
182
962
728
478
924
114
1286
337
1227
1455
145
1153
960
1403
1238
1164
376
229
133
1018
1287
179
478
1225
888
1354
1391
757
1448
803
650
201
225
46
840
1064
1207
1475
769
858
101
781
1095
24
1317
1589
1573
726
1105
464
1306
1042
892
775
725
417
463
906
240
1268
357
564
45
1389
998
509
305
868
292
738
578
759
567
852
898
853
153
98
937
1482
64
40
1539
200
63
565
623
1337
1499
445
1299
1479
878
1347
224
1383
1342
261
137
425
1178
1188
194
1089
442
1178
1339
466
212
410
153
1088
1086
1350
761
178
1031
1427
1571
1257
19
1084
80
516
1338
810
1116
719
544
1374
9
271
402
100
377
782
1189
504
426
1191
911
53
687
1424
1218
449
690
1002
332
890
619
778
496
863
1055
1541
2
382
89
253
644
353
489
686
195
888
992
632
625
901
1095
1258
129
1034
1441
658
325
1522
1575
135
135
1026
1086
51
1321
1021
824
225
1469
282
1487
1034
35
999
738
1119
998
249
1517
86
981
410
9
1141
1251
306
169
1247
126
753
1488
545
943
1154
1235
1084
502
495
979
240
1571
468
1398
525
1460
773
938
57
178
895
601
1344
10
1231
1322
1182
492
1540
893
270
1253
86
1061
1041
829
211
1444
573
336
717
935
1035
877
517
1286
286
944
406
570
1428
543
481
475
1166
1415
60
1249
831
1237
281
919
1527
1395
1464
350
301
1064
76
359
1102
430
1582
238
1224
722
516
823
725
334
1520
970
328
230
1080
45
1496
1413
824
1062
1008
1237
1161
1453
306
288
1392
1075
143
1321
711
341
648
1481
1452
159
1
907
1067
1025
778
1223
1003
401
1197
383
1308
1222
503
1211
284
560
71
548
1452
184
920
1250
341
1244
1422
375
922
359
1538
536
1180
689
525
271
720
283
1366
1426
609
1289
476
672
164
30
1410
929
192
569
1053
955
345
177
831
1524
1345
1361
834
202
1565
723
787
1492
921
1054
196
151
267
767
1231
807
616
1449
811
1412
1193
1069
1361
240
635
1207
523
849
41
1102
65
331
266
1353
579
411
42
786
1238
564
825
1500
254
154
1590
1252
207
1215
473
1321
756
608
1219
746
124
1503
294
420
488
1119
1524
8
1461
545
1032
1278
1129
1314
1367
412
416
1584
1173
869
1044
1552
39
257
813
849
651
640
1102
942
1481
847
220
359
281
1142
1228
988
1489
919
819
494
533
615
1293
21
1469
809
138
705
708
559
412
1522
886
80
194
1494
1560
168
913
358
532
1298
327
767
939
870
1295
1217
1113
1203
1428
1385
1223
1403
1222
47
691
1457
877
927
672
563
816
1271
1149
1159
612
1285
533
23
22
703
1404
1005
343
671
373
1260
714
1029
1252
404
1326
778
119
243
236
37
1554
748
224
768
766
233
1447
344
722
1376
621
343
605
1287
435
625
409
278
1123
1600
1487
129
980
1120
9
306
1179
522
636
328
727
1009
1330
82
1595
735
697
1481
1370
1484
1549
785
1396
835
902
1262
834
373
706
6
643
666
912
347
324
1419
1569
4
306
1377
687
1008
160
843
299
602
1494
113
1191
843
1055
204
1288
723
1233
1154
1321
581
1434
130
336
1589
1167
932
81
51
1524
254
196
772
715
1157
1512
996
1437
426
1492
1598
713
176
1313
551
144
1551
1177
798
1052
1035
1118
837
723
81
1050
668
416
1046
618
1
188
1456
266
1257
1534
561
382
861
936
838
1286
1461
301
148
319
661
1283
206
665
1194
1325
1238
444
676
198
409
1017
625
1164
41
115
381
498
89
970
746
1316
538
267
1233
1368
1304
536
1398
25
1236
600
653
1426
1216
1183
176
349
604
1052
1243
1289
1171
517
1453
109
468
1091
1502
112
754
413
1409
467
954
932
569
1285
1240
547
891
1445
232
1541
71
1365
1565
644
1446
1475
724
22
1506
1270
886
1110
456
1370
1360
1331
1438
1420
882
346
420
549
1097
740
1549
711
1468
703
762
105
713
990
315
226
1438
1440
1348
1207
1143
897
561
1316
1274
835
1210
1388
1236
282
52
224
209
1434
397
113
1598
1249
1349
311
1279
836
45
509
175
1594
545
979
1018
139
644
209
956
886
896
875
1560
549
571
57
1432
1490
1368
260
904
1589
1266
464
81
884
537
683
1494
1353
1482
1146
1360
563
880
62
1194
796
29
1129
1308
1293
391
867
968
852
2
1563
1237
1392
65
1102
271
771
1100
728
315
1397
1537
701
1339
1383
458
695
935
734
34
957
1317
876
647
1240
462
1054
318
1253
320
423
1545
1513
323
399
1257
599
413
283
212
1123
1523
1403
1204
1476
806
1462
102
524
809
214
877
1511
676
723
314
1268
1098
1600
476
1095
1147
1527
647
699
345
1541
774
1272
1002
278
256
519
178
1183
1516
793
654
141
916
721
1552
1201
75
981
862
1064
557
663
585
1292
91
931
238
1372
499
41
143
619
82
1544
879
524
1097
1310
239
249
1312
338
811
454
1549
798
212
392
818
93
1163
772
1114
1560
3
89
882
400
723
877
839
75
1246
729
963
1311
1251
1364
1511
512
1379
1440
455
841
438
310
521
587
556
882
155
281
1572
767
1463
1488
686
1280
856
1383
866
1347
1209
698
125
1062
1298
277
127
1159
82
259
1093
493
1371
1365
166
504
832
177
336
329
63
416
481
880
126
725
389
985
1287
830
594
630
963
1356
1444
108
1527
1347
314
317
2
577
1357
1144
338
14
1460
1506
1258
1511
953
1250
1044
906
1016
1392
101
577
445
1020
1269
1199
1307
222
795
155
780
1152
1515
768
1292
589
1007
848
500
88
38
1100
215
205
1214
1221
30
1368
659
367
1572
1431
229
1067
976
64
923
784
1270
466
314
1086
1197
445
1252
355
1006
976
976
74
369
1190
333
167
200
1296
1462
227
504
129
628
1319
1178
636
1527
107
54
894
434
955
282
1451
1433
334
1406
1465
155
134
535
94
31
1478
893
506
256
440
1214
196
905
1306
62
310
1199
587
596
1528
1553
1369
102
1550
1072
1416
1280
512
942
865
439
525
968
897
192
334
1235
1309
1487
492
1591
406
625
65
1454
1152
1448
655
1212
1202
394
675
876
141
792
967
1038
77
863
1002
242
273
81
1296
227
1578
993
506
995
165
1120
1299
1387
1497
538
1375
31
623
1583
35
1363
1332
499
725
576
736
517
514
260
1187
1136
1217
477
1205
195
283
1060
283
1584
1463
329
1272
871
776
146
281
1520
245
1235
1022
1547
1419
1580
1385
647
805
5
488
1252
23
1290
1571
1002
1501
231
1061
902
1286
386
1386
1319
1440
59
941
1244
802
37
1134
44
412
1537
581
1395
1439
1278
41
1471
556
627
1087
558
285
1304
1252
133
277
968
1401
1169
937
823
1137
382
1419
691
1372
1592
954
284
433
1349
1388
1122
1052
1375
758
3
717
275
833
450
445
346
493
742
62
1402
1282
56
970
348
1563
1210
391
556
1361
231
1053
51
104
1135
696
308
1468
1583
1308
1480
938
690
1004
57
574
554
760
545
735
300
74
385
636
878
1134
480
1589
1410
1541
297
842
336
1096
1476
1156
469
413
496
1125
286
412
357
464
834
862
1259
56
98
521
1402
394
802
94
1552
602
356
319
85
1103
585
1281
1326
717
935
502
1571
1509
456
1079
753
1151
1512
1012
239
259
1325
59
417
1546
484
73
1181
1288
128
404
418
1525
657
1236
369
256
1285
917
563
755
34
1022
393
1060
1023
926
1392
609
1413
1084
605
1305
809
667
338
1418
423
79
963
1326
189
323
556
997
1389
1349
623
97
688
856
366
340
314
568
1517
1369
626
1195
1189
1252
685
652
1255
1451
496
663
695
1361
98
1395
484
151
19
1475
1512
257
1135
1451
388
906
64
1378
26
199
999
1404
135
27
344
629
1222
1440
536
1468
774
1040
1016
197
1095
1079
975
397
758
537
376
556
1166
291
1425
1116
427
658
942
1035
300
677
225
418
1424
1155
555
1107
206
748
1214
805
497
546
1530
255
314
787
1124
1014
1524
717
1318
1302
597
928
1161
1010
345
658
179
684
1182
262
800
451
1344
937
353
287
818
34
343
286
609
438
1390
732
1097
1150
794
69
531
1227
787
154
885
851
656
388
8
610
389
987
1000
193
1244
1334
206
1253
1267
561
44
1431
91
895
781
1255
909
692
555
144
42
465
653
426
57
655
615
850
799
426
560
1113
1245
178
1281
1519
1484
19
306
1550
282
991
564
358
834
1568
302
459
653
672
665
225
1034
1204
410
1411
526
589
802
1334
1388
956
1032
1296
883
1096
289
872
1194
114
293
700
140
451
129
1509
260
666
1275
1211
423
247
842
1032
947
70
241
301
1483
1580
799
854
1264
531
904
1055
63
54
1153
1027
621
1515
798
777
1282
1011
1291
429
1496
67
1261
271
339
1296
1398
1182
733
1501
138
322
680
388
21
844
1443
1158
809
478
569
1298
472
409
1420
406
470
1483
1268
1289
203
342
1016
309
1531
926
1352
1541
918
1338
1152
595
1374
920
925
46
125
1518
253
1068
98
420
281
54
1311
1090
193
396
1476
283
155
668
1017
1015
1498
583
477
897
1536
1070
418
1013
1044
1534
677
1544
1123
192
462
1236
1462
416
1004
330
534
312
205
22
1346
1444
800
273
1325
773
1355
169
568
401
12
400
1458
481
913
231
1553
760
789
169
432
468
320
1239
582
1271
1214
1191
1130
306
155
1068
1033
502
1379
644
419
1498
1340
899
1224
300
895
1379
214
1207
923
1064
239
600
104
340
508
1025
1292
847
101
266
1296
213
588
1339
128
541
780
1242
132
1421
1204
1013
961
351
643
302
239
977
419
1289
633
1231
230
1271
470
993
65
1248
234
596
715
818
539
938
627
1388
628
65
1092
1193
1532
323
474
557
1044
915
1378
753
339
1202
1491
238
866
629
238
43
214
295
310
263
336
765
431
966
983
1470
921
1499
1328
47
1513
1401
898
1600
1548
474
813
695
987
1420
612
1056
1564
638
974
305
1278
78
1121
447
1107
400
1593
419
1099
1438
314
810
1204
226
299
1472
436
1572
207
1498
706
980
1027
1445
743
1559
153
1073
1272
146
1014
285
912
1591
685
1409
848
530
730
30
278
786
575
326
1406
792
1246
971
923
833
1114
361
51
1332
1550
563
958
746
746
1150
1437
320
978
207
1243
318
693
773
1252
1125
109
454
967
1146
91
1578
45
1429
512
1194
215
232
796
263
281
656
7
826
856
1118
1360
414
708
226
921
991
150
187
111
162
1097
33
426
626
280
47
904
1326
634
305
138
499
864
1074
844
842
554
1218
997
593
301
393
579
491
166
271
771
39
955
1479
1491
1329
949
606
1544
1531
767
72
1342
425
414
1093
1267
191
430
181
738
1098
352
1121
417
337
437
1349
1338
699
1273
95
521
829
1088
1528
1369
1289
1442
1333
895
760
1525
157
116
627
15
871
1076
357
1080
1035
471
97
817
709
1330
146
744
617
557
1190
1462
1514
98
954
990
1128
1467
1156
262
509
1544
194
563
262
1123
1318
1094
625
644
1598
696
907
1123
165
919
1031
1105
1515
1086
1485
276
1413
917
648
199
1589
13
558
1454
1272
858
1102
858
753
1391
667
641
408
635
1210
1115
930
997
1485
124
495
584
637
373
630
430
1162
617
880
654
722
751
1287
582
1186
1388
509
471
384
238
541
34
244
905
610
550
923
306
1576
1015
617
924
1174
765
1153
470
1545
1522
310
353
1599
1177
735
1554
1416
831
605
876
109
499
299
1019
1309
196
1386
1393
795
639
426
128
1513
1189
1272
955
755
878
1578
1133
636
384
619
1142
841
1454
1287
41
1423
241
757
743
734
103
232
570
586
1549
1236
241
668
1598
193
1534
829
169
337
400
1054
1427
912
497
1256
82
960
160
743
1541
1186
876
438
596
1412
1365
616
1003
334
930
315
181
266
65
1597
1114
566
1571
892
1081
459
1428
751
612
395
1435
741
1054
1165
1365
1137
22
1544
594
467
96
225
1068
1317
1143
501
1003
522
820
932
1370
278
1037
163
359
1149
1359
1472
190
253
89
1076
1186
203
1118
619
272
1087
1176
82
1363
1598
845
1508
231
427
1027
1397
1230
77
770
1147
308
1406
1038
735
1283
729
481
1032
390
33
810
1570
255
1137
264
560
838
616
5
87
1320
1168
1426
294
1147
1235
519
358
451
1564
279
1445
582
974
916
1411
1263
807
168
1081
1317
1395
719
1133
617
816
597
886
882
1348
403
1455
968
225
1065
1405
866
692
1274
160
1472
849
1003
316
648
734
665
485
354
1473
348
621
1042
906
1216
1261
1048
864
126
212
329
173
1596
1586
812
265
329
451
84
1511
1110
1020
1472
642
1141
1239
179
773
467
863
276
829
630
571
1222
895
1333
186
325
1048
1273
546
197
1337
694
184
459
95
361
463
584
708
402
1553
1592
135
1135
846
766
540
636
1352
254
755
492
506
1464
490
421
748
1192
817
767
1080
286
1089
507
730
1181
508
515
697
1398
354
549
119
546
634
335
1594
1250
379
74
1464
279
1085
1527
1029
160
546
266
924
759
131
1480
367
1547
1372
833
302
987
504
654
1561
1111
91
1481
1414
246
1457
1039
625
1558
1465
310
1351
408
625
335
1457
888
320
1370
929
941
102
396
541
1412
996
833
526
252
234
449
520
1058
1221
948
407
171
69
613
973
1235
239
1401
206
568
999
1260
600
1141
28
1103
83
1151
817
1539
732
2
1263
691
657
953
427
981
92
592
376
800
1536
1401
1485
139
1125
1040
1205
1161
1187
687
313
453
720
1297
1485
1055
714
39
1213
1508
387
956
1173
720
463
969
595
1475
1455
216
1485
771
1115
89
162
503
657
1285
226
31
32
1526
1213
1044
371
1219
236
1411
1118
1053
737
1449
42
1259
1327
1422
1313
1445
1593
897
536
754
476
1431
127
514
540
1506
234
171
1167
179
1244
581
1100
272
1560
388
721
884
232
1176
822
1481
426
1286
85
294
1181
260
1527
456
1455
343
573
466
1028
1197
275
388
1542
442
788
829
303
83
1149
817
152
1035
147
1576
1599
528
1044
1532
217
1157
607
1360
349
95
1378
272
653
1343
327
429
1411
721
862
1365
1023
232
713
437
626
1496
1385
1134
1161
977
716
984
1531
894
659
1273
785
417
612
68
568
1133
981
1105
1224
224
723
928
210
807
86
1165
108
1392
1029
979
1531
1485
680
257
197
13
658
1532
180
1562
970
954
489
658
189
825
198
1190
678
1027
122
117
1209
99
1163
742
1170
356
1381
1287
1185
526
548
553
850
96
1187
695
637
332
770
218
530
1397
1273
655
386
169
800
1283
1262
1118
1082
563
528
238
1413
1414
1260
82
450
39
564
1312
1540
164
62
901
315
1160
1446
128
1598
953
67
35
1242
1168
715
1291
1308
763
836
1434
736
1557
1522
1465
408
448
1338
1167
1179
1416
1176
256
947
1591
1093
934
421
760
1573
720
830
1388
1460
1213
1250
78
1519
1110
596
1351
1154
175
964
144
628
60
1436
332
340
339
585
673
163
1509
10
602
702
764
697
765
274
1268
540
749
766
1145
811
448
70
1540
543
734
446
981
1407
222
49
1263
1322
224
84
1238
1507
1514
429
649
1375
68
963
639
1360
466
1028
292
1007
628
825
1296
524
991
874
651
597
633
592
835
424
1271
447
73
728
887
1360
847
1473
1564
144
1506
1164
429
426
1447
449
236
852
535
912
952
1020
1402
413
1506
1329
677
783
1103
786
435
663
658
55
516
960
710
1313
1592
635
1262
738
1578
168
1422
523
621
1188
966
922
71
1045
881
416
943
54
641
1268
72
1059
536
1498
1115
996
1063
560
343
57
391
30
8
1129
601
507
983
715
990
1536
967
1361
1429
877
1131
600
344
61
807
48
1333
714
622
427
1357
448
821
615
623
1155
697
667
1458
480
1270
484
1556
1077
34
909
342
223
302
736
1555
422
570
1007
804
810
1562
417
1397
1229
1101
1022
1190
1438
375
568
289
392
548
1407
1342
1279
699
1283
856
38
1540
1223
1453
1024
921
874
952
93
1006
1140
1358
1472
448
803
506
531
478
1588
729
1546
475
1392
1398
919
526
699
739
1490
1360
862
476
1574
627
335
667
893
194
454
1082
1385
1213
1407
205
599
849
1037
1211
1204
281
741
1569
732
1495
1510
869
583
753
873
282
754
1323
781
1048
271
424
63
729
364
864
780
1428
995
160
1254
410
1223
325
375
817
265
1398
1065
371
1006
1252
370
742
1393
643
864
1306
1463
69
488
517
1207
1179
1198
286
550
1387
340
316
547
976
771
108
423
212
826
915
426
941
89
1033
918
571
108
1138
557
637
1144
476
953
791
1288
1051
759
836
564
1251
578
858
182
362
897
1347
1580
1467
528
757
1452
410
1327
118
140
987
237
722
812
833
210
1303
522
663
1039
87
835
528
166
1563
1066
672
857
1255
842
1366
1428
1586
379
1088
409
1314
807
893
1007
1161
922
928
778
482
331
1418
121
265
1516
836
786
1534
947
350
733
24
870
1099
707
457
41
313
1525
533
72
1010
156
913
66
1140
835
926
475
1424
902
739
96
133
954
843
1080
1498
538
452
559
1469
628
1139
1090
414
664
1591
426
203
1531
1252
1129
970
367
1596
725
1080
1411
1133
679
1444
1017
1357
899
107
1068
917
1541
721
1150
1569
1360
420
515
1187
1173
337
1007
1258
997
1155
192
1303
631
1407
1322
345
569
320
1031
557
919
1556
1211
407
716
51
1256
1055
1195
546
663
588
1196
1356
1121
1378
439
1051
33
1371
242
1305
409
102
1163
394
1319
353
4
325
486
1304
1218
726
419
1275
147
661
838
289
1282
1413
893
959
669
748
39
743
1217
244
517
1280
106
1542
1057
1225
1148
674
1596
1357
1360
1406
1400
933
1536
996
458
816
49
650
734
275
611
496
903
1137
1401
1084
621
873
1033
405
949
18
1187
705
1134
375
546
319
641
531
1588
996
1495
267
809
502
456
366
1597
650
455
429
1061
606
974
154
538
437
1354
1122
361
822
262
1289
1207
451
1369
682
1557
1242
592
1132
392
942
985
387
341
515
1588
1068
590
908
1050
358
351
1284
1130
1585
1048
398
87
264
440
1549
1107
542
1277
1219
58
1433
622
1387
127
1488
100
1045
919
902
476
1412
743
676
1150
1224
1326
1400
939
1244
242
816
1417
1344
364
1172
1550
981
114
135
1293
570
488
443
515
296
1511
1207
97
719
872
842
1431
432
1593
1484
485
183
924
346
1057
798
831
973
391
898
928
1343
1411
707
892
701
512
1311
316
586
1454
1420
351
1369
853
1303
422
136
93
1151
1153
734
793
720
444
515
1303
1025
1193
194
1000
205
1484
895
112
1553
1097
183
1004
938
526
892
1158
268
704
366
794
1315
103
1401
454
1514
152
336
628
1356
1254
1389
487
573
1543
1157
966
1560
904
13
747
1015
433
1135
171
596
566
1291
1187
226
1506
366
903
491
1283
915
746
296
1302
1052
1229
1058
881
206
551
459
307
719
1400
1243
619
1505
654
620
651
1052
1364
148
779
365
1374
1542
604
913
885
552
1363
15
1442
946
658
312
1596
1418
54
863
881
98
322
345
599
783
526
1203
1136
1064
879
1206
1023
1507
742
859
1485
367
1032
1358
762
273
1135
165
1412
1407
293
925
1177
1341
397
984
733
443
911
1241
249
1195
585
635
105
1444
631
308
644
1272
990
78
1098
149
764
799
1584
1374
559
589
106
1095
1191
1347
316
51
1293
1522
833
77
1072
392
1592
1512
820
1585
978
1559
1529
1552
1148
1292
396
1084
492
113
656
1338
1453
200
490
767
811
259
48
802
1342
355
463
483
183
721
1086
990
1259
317
550
333
1409
1274
78
769
638
534
456
1566
1419
1275
413
793
1227
775
1081
1074
415
1515
1175
1330
1270
645
619
804
917
62
81
403
234
611
1528
583
592
324
397
1534
545
783
234
172
1472
1257
1019
818
353
273
180
480
1183
1013
565
43
1340
1234
1272
813
181
1356
896
479
525
913
833
598
726
942
16
832
1151
173
521
1246
609
182
1538
447
200
993
435
1344
1281
540
289
965
1448
1281
1231
566
558
1524
1252
1338
1197
960
411
1204
747
1263
749
960
496
1195
1342
620
968
407
713
822
790
45
1485
1418
1183
214
1333
1528
210
1098
200
1207
665
1326
85
1307
864
39
668
1048
232
191
1084
884
74
383
480
653
1420
1222
105
1296
869
1325
1306
181
1168
155
1094
507
531
551
378
743
396
1584
42
1532
768
254
476
505
227
599
1430
853
935
225
457
699
1477
187
1082
198
1036
1113
1268
507
620
419
687
520
1537
1485
1534
576
1249
1461
1084
1492
804
830
373
913
54
1390
339
155
1182
1098
847
1005
523
429
531
462
483
42
1137
658
1291
295
134
1494
246
566
428
1529
1391
946
1187
1178
1188
1374
1021
662
1336
1405
843
190
775
625
330
1307
1078
1172
1549
1569
386
1496
810
1459
646
607
1444
1564
1225
345
1052
585
398
737
438
1160
25
343
1548
1409
769
1083
853
1398
762
846
148
636
671
1449
1216
1143
1346
474
182
1495
116
1346
737
212
1171
623
1061
1258
150
1530
142
980
1177
1248
1084
1099
489
1569
266
763
15
90
3
1418
1501
1187
324
648
250
1128
943
1204
1004
136
276
756
1194
1583
1376
82
31
52
1411
1528
958
50
1315
1002
905
870
1218
1477
991
333
495
699
904
251
112
460
1473
827
747
1091
521
874
278
1398
232
530
1444
955
898
71
45
298
1439
1092
793
87
1591
899
532
12
704
670
1458
457
824
872
1565
1594
817
1226
578
1084
1248
351
1535
144
612
1551
1547
1563
214
684
483
995
148
1038
504
842
1037
431
474
712
524
581
418
426
774
1251
1250
780
34
462
1485
471
138
32
487
1275
310
351
427
555
1011
858
1150
668
1397
1033
726
251
994
1314
489
1265
1242
1531
600
1367
8
419
280
953
1066
190
1380
396
352
1444
421
687
1398
185
156
1508
561
1162
981
75
859
44
204
226
526
1429
540
766
771
1399
427
968
152
480
215
825
611
19
1439
1235
1017
1187
1106
1381
1532
1493
1208
252
744
563
961
681
925
1520
241
1335
298
1023
969
1193
477
754
116
309
1101
403
1463
1283
355
772
597
1252
237
726
389
467
1057
236
213
1580
1009
398
986
1198
338
1292
479
1138
716
1113
1161
1192
386
1443
651
1495
959
1523
975
593
772
1225
927
1271
20
1461
1431
434
508
821
203
812
1442
1170
568
210
1172
313
1515
459
1422
1114
819
757
9
2
1544
292
198
313
120
729
94
1371
661
1412
710
823
1440
377
740
809
1140
1460
1237
119
562
13
1083
1518
816
377
967
378
225
1222
778
1352
770
1557
1531
412
1546
340
903
1521
1359
1282
28
84
1272
1506
500
1343
1446
828
161
950
673
1111
349
227
708
566
1103
626
872
533
1117
1260
402
673
1076
1493
412
1019
1240
772
1316
1387
429
1413
694
100
1153
688
378
1212
1183
839
1053
552
1172
145
384
825
1023
442
1571
408
602
551
144
1154
523
731
1095
900
1002
267
621
54
1040
1345
755
119
420
1523
519
1004
677
992
1533
823
375
1392
1596
1145
557
1481
808
776
602
561
595
1199
1367
166
547
1128
404
575
193
1306
96
1153
518
531
246
1344
1318
1283
525
1020
90
894
1502
1143
1231
880
243
599
656
413
436
512
52
672
241
943
71
991
1454
407
185
657
370
1276
393
111
462
1168
687
827
814
464
716
372
1121
1054
338
1172
488
1053
1395
1231
512
782
75
460
815
174
716
417
912
1163
941
81
1503
1322
402
1413
1156
1562
1402
203
800
1238
618
1040
920
734
29
158
1572
466
1320
790
598
595
1455
877
235
601
10
1382
595
596
1141
1043
448
964
313
267
1136
343
734
170
1147
454
13
1228
476
110
711
903
1279
1263
1544
1322
846
1158
313
1465
316
107
1496
166
974
106
424
1040
1324
1345
344
379
1003
446
820
18
23
1559
1101
670
1156
390
1193
261
402
171
555
771
833
735
833
490
378
537
1295
793
1240
1411
927
1086
123
410
325
1227
140
1224
659
889
1101
833
194
447
679
671
1243
913
1267
1150
1256
857
454
471
862
1142
381
1373
711
1399
780
986
753
1494
645
134
665
1204
1322
1580
213
792
628
893
451
1448
224
1265
692
867
444
929
664
1508
1397
294
745
1175
157
367
792
760
959
1380
1400
400
1059
1598
555
111
415
1571
143
1256
484
1154
745
271
452
435
974
691
4
204
211
28
166
1218
826
899
1075
966
537
1428
906
603
1161
804
107
1081
1300
1522
3
868
1372
1439
629
201
331
1389
1452
797
1278
377
1059
1206
1073
632
561
1510
41
819
1110
922
419
66
902
1143
63
1226
503
432
684
822
1324
1063
1554
1526
255
521
707
954
1265
616
31
813
1458
1431
9
1010
1199
583
525
863
1374
356
397
1212
714
175
1328
250
734
730
202
1075
244
229
138
357
795
1531
486
558
1322
907
519
775
1223
679
1588
128
886
1439
1279
255
355
156
177
248
302
59
1142
1516
888
1327
136
417
945
1493
540
36
288
854
399
705
175
575
1359
1535
380
352
329
28
1184
1062
662
843
509
1272
805
1264
10
404
1318
1559
30
40
508
1528
1533
1200
1504
491
742
210
148
171
664
635
398
1356
296
183
97
828
644
1555
1003
635
964
563
513
858
1142
1138
539
373
1126
1020
190
1264
1071
941
1069
1010
773
1256
1358
1444
1086
759
350
1064
1507
1574
404
858
570
1438
1558
199
1425
386
415
1007
523
971
811
1277
618
1188
935
193
1376
965
1307
1073
469
784
1429
356
823
1068
853
74
390
997
1210
684
859
1216
879
1127
827
863
1365
232
927
1369
111
1382
1217
663
207
1186
1382
367
1220
1120
686
1216
1408
546
285
466
779
1193
423
1387
1450
1323
189
176
1549
1107
1050
322
635
123
1292
980
638
1130
1539
1102
1486
397
155
227
574
1015
425
115
424
1496
1031
544
666
191
928
1584
1213
1295
570
1127
649
515
1478
1122
747
353
105
499
1329
1215
840
1024
1531
953
406
346
162
685
221
670
1253
1533
13
974
408
194
264
1261
331
1232
425
92
123
558
1432
823
1595
402
79
879
1312
31
681
1189
47
989
1007
907
711
1148
546
1147
15
1224
968
917
1437
555
1591
793
1515
1510
1570
1480
442
1166
39
954
259
326
1044
319
1251
192
61
54
322
1587
1086
943
711
1115
848
706
445
179
1422
1580
579
691
1413
620
694
1545
574
1250
1247
729
1098
546
733
757
658
603
465
475
283
1579
587
1265
988
574
311
1153
1280
810
327
52
761
459
288
1104
971
288
1540
1265
531
1314
1538
1033
1179
1128
1055
1303
96
1468
1347
1448
925
954
291
657
1183
1134
1330
1127
1096
1259
391
773
288
363
1484
59
1375
170
172
470
187
833
378
148
1394
899
610
548
790
601
144
1439
603
1246
226
201
97
1145
846
326
1026
1150
1043
1180
27
1092
1185
748
411
1348
1159
1008
77
886
97
947
1189
491
765
852
460
875
1106
1336
1067
844
799
850
377
1047
804
596
5
1050
644
754
195
589
501
987
534
933
813
1399
161
1338
1484
223
1550
473
266
350
282
1577
1311
619
679
1150
1332
996
1023
959
76
714
169
1528
625
1087
494
1086
545
1088
104
6
630
1506
15
836
598
1230
835
645
1374
124
921
1547
335
1328
934
492
822
1207
1228
425
733
545
199
1551
308
379
950
1168
956
19
1258
415
249
171
112
781
21
313
1310
1510
1428
1061
928
10
316
127
1600
269
256
1027
502
334
240
15
1141
856
1187
606
1010
698
672
908
1330
742
1359
8
1371
1356
802
280
374
1204
1282
656
1479
478
188
208
653
1049
424
512
1047
997
797
909
653
714
406
288
442
1397
1058
1443
666
405
527
947
871
761
788
995
804
1000
1537
886
870
1406
1319
923
1573
1097
903
1126
1286
39
763
1107
1126
797
1190
185
102
1464
1181
271
313
420
402
418
1582
1549
389
850
510
569
873
1168
853
674
1239
216
1377
917
1012
173
795
907
931
345
1560
10
875
737
206
955
167
266
359
842
112
1167
1224
192
843
861
478
352
785
724
1069
579
738
1086
919
1075
457
269
111
394
1453
854
123
329
381
656
587
1207
1241
395
765
255
1
48
907
777
1086
1340
1563
1556
914
891
644
664
609
967
865
1245
284
574
152
1115
817
1092
1192
592
1203
766
1268
1508
1227
1481
657
1148
988
958
465
608
887
1255
1293
589
1348
1150
564
729
235
745
215
1099
1221
887
1264
1334
134
1306
181
1114
423
98
161
696
1172
510
1277
377
410
1201
753
1341
206
1301
268
196
1022
83
468
255
1369
1502
271
1140
414
754
78
468
453
1040
1276
732
494
1462
298
366
1229
160
1496
1196
851
193
579
154
1307
768
1329
1521
217
1523
317
642
323
476
1378
977
1149
294
714
1581
1413
157
468
1296
227
176
935
123
974
1000
1594
400
1438
1126
543
236
1078
1503
850
74
1197
342
1093
1241
577
604
1321
1048
1530
1034
316
1591
1055
891
853
750
604
202
817
794
1518
1295
891
1242
148
600
797
365
374
1577
1481
138
1170
1588
902
252
1002
343
251
68
175
216
1149
301
1515
1056
1368
941
1458
1274
1375
256
198
331
244
1220
973
591
918
1301
1011
1560
109
1190
991
1221
471
228
1303
579
1264
843
178
1286
163
196
1025
902
116
581
1468
1274
1097
871
686
725
1147
326
480
451
1568
155
7
1442
662
280
429
641
80
840
415
89
1056
1317
283
1101
136
1014
248
931
1344
623
595
1088
1159
1351
445
1317
1002
855
422
44
1301
1591
904
576
669
792
467
223
201
1377
604
145
932
971
1284
1061
963
1211
1577
944
470
1314
143
517
1393
727
909
1075
1048
1135
695
1473
524
1122
143
939
600
541
170
89
26
1510
164
1443
466
884
1347
711
1196
458
236
998
1549
407
200
833
352
79
435
759
797
199
43
1020
1502
147
1331
601
865
479
1546
166
1436
464
1551
7
772
1304
625
233
476
1179
1176
507
1342
453
533
1389
810
808
1482
553
1298
342
857
1108
1249
514
269
259
143
727
1419
893
166
278
759
117
337
112
1381
1092
1065
551
518
1384
1215
805
1487
1407
233
729
168
705
1037
1301
474
768
1007
1193
757
1569
1018
637
260
920
208
112
1202
1317
849
692
1528
656
1581
229
974
997
106
1518
1357
560
1204
410
1446
183
1512
571
1413
378
1439
1533
323
747
250
263
1486
1133
242
1111
664
1038
541
794
1090
773
63
462
1287
106
1558
1112
1385
1591
931
805
28
387
1018
1025
1139
56
393
1336
526
1433
1000
496
193
502
868
66
1027
810
11
605
539
1499
439
473
1034
367
987
1244
57
1422
79
815
161
604
27
94
1596
627
709
657
1391
995
603
557
1460
1001
1279
426
1097
752
1333
1074
26
265
1325
511
751
492
145
306
1173
1516
463
562
718
188
547
650
312
100
1515
833
1533
1025
362
1272
512
1215
985
518
515
1175
754
1492
984
1417
762
503
973
89
593
720
151
1481
890
1317
570
409
1195
1598
1022
449
660
319
274
1578
1328
1033
1085
1072
588
1423
584
153
922
1144
493
402
1141
633
1534
557
1394
49
149
1565
1322
1537
255
173
1354
177
1447
899
983
1156
1092
1432
1346
1367
66
244
943
508
305
748
1093
856
1008
348
310
1598
791
354
715
650
743
159
1143
1598
435
238
984
92
587
1314
908
135
1195
258
505
666
552
1412
795
1221
1174
586
396
1516
506
158
1109
382
1075
431
1334
853
423
201
823
1554
1006
1558
1581
950
321
1238
651
897
161
1119
1134
395
391
1494
742
163
719
681
261
683
739
146
362
752
104
331
331
1354
1323
1297
324
951
1162
347
1313
696
674
151
748
169
892
41
632
481
438
1058
874
654
1331
578
1226
781
1538
366
717
460
1167
560
1120
416
460
305
628
549
925
1142
588
537
1222
349
328
695
21
406
1135
1557
334
546
1534
60
731
845
370
139
752
1515
279
842
1344
1044
527
335
161
351
673
659
1280
1311
1351
850
1348
1568
1334
36
1347
1056
1451
1118
167
909
186
104
1502
1411
406
284
773
770
1503
420
850
1008
815
912
771
276
1186
377
778
142
553
282
821
984
270
807
799
893
964
500
601
539
118
455
1494
794
652
1145
408
1577
1405
463
94
765
215
1114
778
1160
80
16
1364
187
650
809
689
1020
360
1337
1
678
1427
336
315
708
138
339
985
843
1070
217
1346
665
585
197
315
689
802
1574
654
1396
1025
976
950
222
2
1016
79
1542
284
273
1408
532
431
1194
870
191
79
260
1215
1230
1555
500
987
202
667
893
1219
581
485
1195
1446
14
847
1071
775
1583
810
1214
1065
621
1411
1384
374
1533
1072
1209
305
646
860
977
1058
986
211
1091
379
1332
1100
112
204
1201
250
546
1387
527
593
936
1377
998
1112
1588
532
872
1395
885
376
90
686
53
310
335
1353
498
216
105
710
190
249
911
947
1494
302
365
247
130
52
687
31
752
921
123
1318
1553
1387
625
1350
945
865
931
513
1495
1483
1236
1390
1184
121
370
132
732
238
467
1000
933
707
689
438
1155
1435
1254
785
1025
842
870
43
461
1540
510
1043
915
1415
784
834
1110
904
1227
1187
147
1503
557
230
85
369
1208
835
407
1377
373
590
158
502
300
1536
339
330
1246
575
97
56
840
1394
1299
899
665
1031
1003
70
238
1089
513
1120
337
258
418
1243
182
988
1380
33
817
1304
715
541
504
1282
733
946
1053
506
517
1375
904
1084
618
621
949
362
781
222
1267
287
997
597
1240
114
634
1476
581
12
963
858
1309
490
832
682
260
817
1495
1178
345
501
1072
1552
628
1543
79
412
542
1154
1588
1445
595
532
628
85
184
1229
406
964
1372
618
1389
37
433
862
888
371
263
1316
1466
1177
12
1095
986
292
453
493
571
169
971
1576
1433
1078
774
699
424
1337
555
44
173
882
1333
1037
1304
346
996
139
1256
465
824
179
701
1224
1260
1096
1148
1075
1395
1477
101
556
692
562
628
999
68
1513
249
665
423
933
375
1319
1350
591
511
529
1200
1545
1418
1435
593
631
409
767
563
1552
781
532
310
1127
261
892
784
1594
315
272
517
1591
1054
13
357
82
621
379
521
456
1560
289
971
944
918
1002
264
1478
1285
1045
215
1079
1414
672
134
1196
596
434
921
982
1577
139
1
574
975
1388
1182
10
518
1477
180
462
1051
931
431
536
835
598
1175
890
570
867
1105
1237
1502
751
1307
426
1098
998
837
1120
627
622
48
85
197
463
648
677
1211
478
513
1531
1473
686
1490
730
585
1334
1204
618
1327
1
1049
387
909
1240
685
315
1246
367
1358
496
979
658
522
340
823
1037
1436
315
1411
926
1574
934
961
220
1390
1037
417
1571
408
174
668
647
1255
1496
1228
1524
628
1014
136
1318
1066
476
385
462
135
1043
1310
576
82
1061
1431
1309
1564
871
1171
1155
1593
73
514
949
1084
222
58
1100
755
236
1491
731
807
499
1217
1059
1042
830
692
700
606
554
1329
574
1250
889
1582
1266
860
1558
176
251
1324
294
1061
1220
406
147
577
488
245
919
24
1572
1472
1098
384
830
1022
1132
1188
177
265
1586
936
991
196
913
513
246
1180
971
1168
94
767
1596
641
1383
159
1059
423
437
741
1330
662
872
310
596
1022
1230
102
64
1290
520
383
1410
508
381
368
1220
7
1216
85
1439
617
834
1131
1444
143
887
1167
488
1383
1097
955
787
770
703
256
168
498
1260
707
977
286
1431
1207
114
869
430
542
1066
1144
1385
1279
745
54
1151
1318
309
1286
1292
1502
953
886
253
495
852
215
449
984
541
1428
1583
715
1528
1430
695
1195
1114
1562
1354
518
348
77
1545
210
129
1452
1391
489
966
926
1405
1540
1263
590
1321
121
524
1098
1541
180
1165
1117
1456
1271
779
813
576
145
978
915
299
223
1200
957
1336
134
1151
710
1128
300
1202
720
1379
1337
1376
295
1444
1424
339
853
1124
1037
80
517
71
638
100
88
585
34
1395
73
1575
611
896
705
141
850
763
569
899
230
398
724
918
1588
614
888
263
622
641
1520
1590
28
380
66
780
346
794
849
1579
214
212
1267
87
1160
547
272
993
432
1102
127
471
1553
115
96
1133
1135
216
1209
1449
1289
943
402
146
663
747
1487
598
1282
1541
720
830
614
461
778
338
776
369
483
971
599
462
1168
445
868
186
431
1089
161
142
547
740
27
1332
1203
209
567
52
1185
574
622
125
396
89
136
566
69
1265
89
386
625
101
510
725
1187
1549
599
378
118
1258
1089
1376
877
1166
794
232
1164
1546
436
1455
818
1052
405
1499
1469
789
1461
871
924
1228
1525
1391
754
1221
671
762
368
1374
865
331
623
831
521
1190
656
255
448
739
1492
1303
1478
372
1530
903
1329
1525
1436
842
677
1208
712
123
530
1550
31
1219
624
1366
48
10
1276
261
274
409
1136
313
195
401
899
957
195
206
613
539
112
600
184
869
992
272
784
66
448
1173
617
1401
880
761
427
383
1242
1575
1502
385
534
208
1453
1391
1087
858
220
590
19
1095
265
381
77
1511
420
66
2
1086
1390
156
1405
499
1586
519
859
893
710
1551
1255
653
1473
1557
1267
123
633
930
1211
947
1475
687
1337
92
170
112
1415
1100
811
228
697
236
1079
542
566
1452
166
721
1435
1576
315
29
206
789
1243
1243
738
1332
1485
1258
1327
51
624
1463
1263
995
1408
1102
345
926
263
36
1277
756
610
544
740
1050
1211
1325
997
17
256
193
135
727
1061
42
282
1488
287
1053
84
115
1115
1342
876
885
66
174
760
949
1198
408
775
1324
1321
1339
446
467
1066
1525
179
1169
1294
83
1163
107
1368
26
1300
298
232
852
481
1419
60
284
1257
489
42
809
1311
427
473
538
1295
1069
1091
389
893
879
107
1215
1277
1600
1565
619
1234
1000
1130
771
327
1176
1120
1448
1231
466
1227
1322
1053
1048
942
341
195
1174
768
321
1036
1295
39
216
1304
1160
630
933
58
757
613
1250
1235
871
340
1598
1132
1587
127
688
1237
162
1344
62
449
218
584
460
798
975
155
1125
502
425
399
1227
455
244
1026
255
418
138
94
975
1478
1152
718
290
186
275
1405
708
748
1041
1299
114
524
199
1390
677
552
942
98
927
134
724
1009
950
707
331
649
355
1262
212
768
649
356
970
1040
1543
1193
1295
850
764
267
1399
1340
925
567
1206
666
760
1112
650
1357
69
435
39
1287
305
3
1383
642
1323
789
1006
1411
619
612
351
146
453
562
320
566
369
747
365
306
151
761
1600
386
1565
1446
572
916
1073
246
1468
1159
533
640
94
1572
45
1104
686
671
650
510
980
332
1460
332
702
33
57
259
331
431
184
394
124
1440
1068
843
411
1583
58
1542
1449
1258
1529
497
585
937
451
1174
1133
971
831
1131
1412
53
1005
944
736
74
686
523
1385
873
921
419
68
554
1470
1342
769
662
120
1563
839
1064
309
271
511
391
708
608
579
449
1507
1571
325
1095
966
1109
1535
491
167
316
478
218
465
828
366
537
1258
1400
1540
449
1027
1454
1069
697
1313
977
89
184
1289
1509
1031
1080
141
1245
368
697
1433
436
1459
955
1532
525
1091
440
824
139
1234
869
8
1456
252
1063
115
1527
692
22
1301
815
431
754
936
286
146
551
21
721
412
1026
829
836
1043
753
838
695
1072
381
1510
1547
202
1542
752
671
963
322
865
556
500
309
1257
1570
217
1135
699
1345
892
1224
723
1016
866
1180
1482
190
376
647
27
49
828
799
1011
241
1580
756
442
252
559
1096
356
1160
4
207
886
1442
1518
1253
1433
1097
220
1105
480
265
666
1342
729
1177
122
371
1301
500
832
919
1015
183
656
1255
191
63
792
755
1108
448
125
1307
915
1318
7
1293
730
684
1227
508
275
1021
476
991
576
845
1393
238
11
1207
20
221
1419
533
336
791
726
1313
1176
121
1417
1038
567
979
792
934
1083
1567
22
418
1057
1023
451
587
127
568
1369
275
116
1073
469
818
1360
681
390
1218
2
891
1367
1433
1157
147
411
746
1546
1198
1053
1178
548
211
1445
1444
565
851
906
619
1244
770
123
1186
1564
370
971
862
779
499
1600
502
1151
397
154
736
1208
378
163
587
1357
484
59
124
728
1057
1376
809
1057
368
1024
1558
1419
1587
62
627
256
874
6
1522
605
435
593
682
862
388
951
621
200
484
1080
1513
345
364
1288
961
47
961
94
425
1082
527
1211
1092
1571
4
315
317
825
465
1181
295
96
1441
721
789
824
151
1543
505
1038
1162
1074
445
965
1280
1246
931
963
1003
951
1245
539
1254
1365
364
1085
429
712
1145
287
1439
1192
500
938
1461
537
1456
677
1024
736
1019
354
100
297
703
1323
1110
788
794
426
727
1539
1149
1306
622
868
198
1073
166
959
94
1034
1164
959
402
916
103
1536
882
637
245
92
1515
1308
682
309
1573
800
680
130
156
252
765
986
1087
1040
1374
962
907
214
1575
1399
1188
273
784
122
56
310
1327
1182
404
1303
368
594
898
1427
980
1071
1514
63
620
705
548
723
212
1429
414
980
304
6
50
581
744
1480
1284
1293
355
945
863
231
324
11
1421
1420
487
282
120
1568
730
1517
1411
1054
1244
103
615
645
854
139
847
512
1243
585
1139
214
1121
1290
1205
1494
573
445
1278
1088
1312
735
405
179
403
717
1284
283
692
1353
426
1366
1198
1038
1120
1259
1338
1428
141
1066
599
1569
839
481
778
854
944
1091
278
629
973
984
1466
1267
1061
1254
301
513
1246
155
218
858
151
703
347
909
708
1436
567
1480
1549
1322
924
552
998
1277
1115
2
1324
45
485
1457
5
457
585
94
1460
1531
1131
144
1215
1465
451
249
577
817
27
572
1549
1009
6
1151
329
474
609
885
647
834
1355
872
1442
1132
356
1481
413
169
198
1271
1275
906
262
401
1246
1357
1001
380
32
1539
1318
371
755
1474
480
1234
505
1360
160
1568
34
10
852
735
457
1239
521
1237
590
16
426
665
881
429
1334
732
947
1070
963
445
45
13
1076
907
429
1127
571
1495
532
164
1487
897
1264
1259
748
1408
666
904
462
622
79
1560
747
409
719
58
563
10
1015
309
392
1043
479
1001
701
1434
1587
823
656
872
338
624
1448
1585
552
1470
781
673
332
1172
1129
1451
1240
855
2
144
332
1097
1077
1457
1058
442
1074
278
1199
941
633
762
1534
1419
536
1308
684
650
673
134
771
923
45
220
87
1110
20
1060
418
486
487
983
865
372
1012
555
171
532
183
94
1236
818
1056
322
1157
762
73
1483
729
202
435
538
1272
665
198
1479
628
292
5
1009
1509
604
595
709
260
145
679
207
266
476
1488
3
1222
399
298
970
1025
606
220
654
1170
522
919
1476
128
273
718
1084
90
407
501
746
792
722
508
1010
368
1465
200
437
1144
298
950
94
958
797
526
747
297
525
457
444
1102
96
1283
348
593
987
382
1107
1474
1158
1564
1576
1267
1184
1371
950
1499
259
974
757
1516
85
223
390
1012
372
1222
1083
310
927
392
748
1157
293
1264
315
678
142
1422
1058
547
331
562
321
815
862
1383
1193
701
200
304
936
1183
1591
452
722
1055
364
73
1364
991
622
657
504
368
1392
1238
951
1205
707
1398
386
182
187
1071
1231
3
227
410
1380
1359
480
1576
997
328
230
477
861
887
860
910
1101
348
1040
1307
888
967
90
1261
362
950
914
431
716
946
1137
11
873
1384
648
171
1086
1288
163
1580
451
1119
1082
98
1276
949
93
207
1086
1574
1117
96
642
321
827
429
1067
674
1554
494
1303
79
1539
1342
871
1557
420
82
1359
672
1064
54
1500
477
1356
139
1416
912
1479
1346
1408
180
815
535
687
598
491
782
146
688
220
1262
1083
454
330
1536
674
1410
272
646
687
1232
1480
572
200
569
692
16
666
1217
945
288
937
63
860
1592
344
1535
1217
136
1400
921
1032
166
656
846
862
73
944
680
996
65
1462
1488
986
55
925
1452
1226
873
1481
703
564
866
1171
1534
509
1594
1044
1203
22
914
179
20
109
526
367
928
598
977
43
191
1080
698
317
1559
503
736
245
1198
357
13
1389
514
360
126
661
1258
1513
1367
251
938
834
1254
733
1049
100
94
495
1011
1483
79
1514
1214
675
1128
219
1501
567
1517
1511
629
350
566
990
1027
932
1389
1543
250
825
389
806
350
28
763
589
1057
1349
141
1127
704
277
957
390
1373
830
900
743
1371
562
215
203
1019
397
1051
757
185
129
1383
1281
1510
1157
701
619
708
61
328
603
1443
1000
341
754
1086
652
594
725
277
1057
519
1404
1160
383
854
249
696
457
883
264
733
215
1316
924
1255
421
1272
1572
790
637
647
1119
792
356
749
37
102
391
1349
1264
1053
931
679
1519
861
439
34
905
867
683
504
497
1319
1597
668
174
52
1456
492
552
203
1203
622
1266
1207
1554
588
1113
1199
94
527
1008
109
93
669
345
1297
754
1267
212
1460
459
1312
775
1421
333
967
529
390
1535
914
1487
860
824
439
1130
505
393
236
423
1425
875
809
108
1342
1511
673
211
1564
200
769
368
1188
1600
933
1059
1289
988
477
668
1237
1257
1314
241
768
1444
216
1121
725
1571
131
742
197
1092
649
1276
1032
153
1196
52
823
1424
3
1591
1579
1251
1085
1243
1107
1349
1109
295
215
1288
1300
1318
176
1486
458
302
1156
246
74
558
962
386
744
1209
1474
1546
1140
340
1306
290
243
256
447
1420
545
1032
290
478
617
971
1030
690
32
1159
995
1487
837
1257
1469
474
185
23
641
508
1471
1593
1316
19
498
1419
1339
1112
968
228
859
147
1354
771
1390
384
464
606
1306
1087
1534
1579
1042
1599
1409
1195
888
745
1353
633
249
460
644
1238
1191
395
221
1073
1557
1544
633
953
628
463
1070
35
560
1091
385
1274
1482
137
422
362
628
886
566
10
1390
1273
48
1389
1443
1288
624
807
1282
1227
623
223
157
1227
640
1177
324
1305
518
1280
288
702
1398
1462
1486
422
336
1500
1473
1291
348
1120
598
1506
743
393
374
584
1147
1284
558
1067
0
